Cores,N_train,N_test,N_tiles,N_regressor,Opt_iter,Total_time,Init_time,Cholesky_time,Opt_time,Pred_Uncer_time,Pred_Full_time,Pred_time,N_loop
1,10000,5000,25,100,1,185.084,0.000196076,4e-08,67.963,38.2283,54.4703,24.2798,0
1,10000,5000,25,100,1,183.594,7.4102e-05,7e-08,67.2635,38.0147,54.0467,24.2179,1
1,10000,5000,25,100,1,183.468,8.1343e-05,8e-08,67.3125,37.9638,53.9458,24.1939,2
1,10000,5000,25,100,1,183.565,7.2543e-05,6e-08,67.3108,37.9852,53.9746,24.2183,3
1,10000,5000,25,100,1,183.616,7.6842e-05,6e-08,67.3995,37.9458,54.014,24.2059,4
1,10000,5000,25,100,1,183.445,5.9972e-05,1.4e-07,67.2723,37.9714,53.9698,24.18,5
1,10000,5000,25,100,1,183.592,8.7093e-05,5e-08,67.3235,37.9914,54.0253,24.1959,6
1,10000,5000,25,100,1,183.531,8.1593e-05,6e-08,67.27,38.0045,54.0046,24.2014,7
1,10000,5000,25,100,1,183.521,7.0672e-05,8e-08,67.2678,37.994,53.9631,24.2125,8
1,10000,5000,25,100,1,182.483,7.0403e-05,1.1e-07,66.5051,37.932,53.8994,24.0935,9
2,10000,5000,25,100,1,95.0923,8.4893e-05,6e-08,35.7951,19.4638,27.4464,12.3338,0
2,10000,5000,25,100,1,95.1349,2.6021e-05,7e-08,35.7723,19.4973,27.4762,12.3403,1
2,10000,5000,25,100,1,95.1076,3.0261e-05,7e-08,35.7891,19.4643,27.4692,12.3365,2
2,10000,5000,25,100,1,95.1648,6.4632e-05,5e-08,35.8756,19.4575,27.4528,12.3315,3
2,10000,5000,25,100,1,95.1752,2.517e-05,6e-08,35.7862,19.4684,27.528,12.3451,4
2,10000,5000,25,100,1,95.1941,2.6791e-05,7e-08,35.7336,19.5106,27.5738,12.3291,5
2,10000,5000,25,100,1,95.3113,5.6711e-05,7e-08,35.9074,19.492,27.4919,12.3407,6
2,10000,5000,25,100,1,95.3792,2.935e-05,1.4e-07,35.8976,19.5142,27.5606,12.3573,7
2,10000,5000,25,100,1,95.2265,9.0733e-05,6e-08,35.8009,19.4983,27.5308,12.3463,8
2,10000,5000,25,100,1,95.177,2.6221e-05,6e-08,35.8238,19.4823,27.4759,12.3462,9
4,10000,5000,25,100,1,52.8528,5.3182e-05,6e-08,20.741,10.5672,14.9555,6.5377,0
4,10000,5000,25,100,1,52.9636,2.289e-05,4e-08,20.9206,10.5444,14.929,6.54548,1
4,10000,5000,25,100,1,53.3246,2.502e-05,8e-08,21.113,10.6395,14.9594,6.56218,2
4,10000,5000,25,100,1,53.1352,2.219e-05,4e-08,21.0148,10.6112,14.9446,6.54012,3
4,10000,5000,25,100,1,53.2319,2.3381e-05,6e-08,21.051,10.6201,14.9771,6.53317,4
4,10000,5000,25,100,1,53.2962,2.3341e-05,6e-08,21.1375,10.6004,14.9933,6.54078,5
4,10000,5000,25,100,1,53.3508,2.5411e-05,7e-08,21.1399,10.6551,14.9573,6.54819,6
4,10000,5000,25,100,1,53.1866,2.4381e-05,6e-08,21.0395,10.6166,14.9538,6.55106,7
4,10000,5000,25,100,1,53.3513,5.1911e-05,1e-07,21.1633,10.619,14.9801,6.53775,8
4,10000,5000,25,100,1,53.0728,3.6681e-05,1.6e-07,20.9795,10.5811,14.9362,6.54647,9
8,10000,5000,25,100,1,29.849,2.5441e-05,1e-07,12.1308,5.88061,8.14607,3.60548,0
8,10000,5000,25,100,1,29.8259,2.9511e-05,1.4e-07,12.1366,5.87442,8.18573,3.60147,1
8,10000,5000,25,100,1,29.8693,2.4391e-05,6e-08,12.1406,5.92681,8.15511,3.61941,2
8,10000,5000,25,100,1,29.8225,2.5651e-05,1.3e-07,12.1906,5.84364,8.13697,3.59488,3
8,10000,5000,25,100,1,29.8437,4.8562e-05,3e-08,12.147,5.88428,8.18738,3.59745,4
8,10000,5000,25,100,1,29.908,2.5161e-05,4e-08,12.2111,5.89754,8.17987,3.59266,5
8,10000,5000,25,100,1,29.6832,5.0452e-05,1.3e-07,12.0864,5.85221,8.10992,3.57798,6
8,10000,5000,25,100,1,29.7992,2.5241e-05,4e-08,12.1333,5.86575,8.17292,3.59914,7
8,10000,5000,25,100,1,29.8015,2.8332e-05,1.5e-07,12.1176,5.89424,8.15748,3.60393,8
8,10000,5000,25,100,1,29.7902,7.7453e-05,5e-08,12.1301,5.86664,8.12526,3.61146,9
16,10000,5000,25,100,1,16.2634,2.5321e-05,3e-08,6.62073,3.2006,4.4556,1.95006,0
16,10000,5000,25,100,1,16.3219,4.1161e-05,4e-08,6.65534,3.19765,4.48366,1.94903,1
16,10000,5000,25,100,1,16.3054,4.6092e-05,4e-08,6.61097,3.19742,4.46485,1.96392,2
16,10000,5000,25,100,1,16.2758,2.6121e-05,7e-08,6.61276,3.20525,4.47273,1.95057,3
16,10000,5000,25,100,1,16.2522,2.803e-05,5e-08,6.60205,3.19615,4.47462,1.94751,4
16,10000,5000,25,100,1,16.2462,2.7241e-05,1.1e-07,6.61412,3.18799,4.46696,1.94297,5
16,10000,5000,25,100,1,16.2772,2.7391e-05,8e-08,6.59506,3.19946,4.48813,1.93481,6
16,10000,5000,25,100,1,16.2894,2.7841e-05,6e-08,6.62192,3.19734,4.49127,1.94428,7
16,10000,5000,25,100,1,16.279,2.3691e-05,6e-08,6.63387,3.20225,4.4646,1.94621,8
16,10000,5000,25,100,1,16.215,2.6981e-05,4e-08,6.57395,3.18789,4.47257,1.94584,9
32,10000,5000,25,100,1,10.0393,2.8061e-05,1.2e-07,4.09337,1.92455,2.76815,1.17598,0
32,10000,5000,25,100,1,9.98773,2.5851e-05,1e-07,4.07718,1.92752,2.77934,1.1574,1
32,10000,5000,25,100,1,10.0797,2.453e-05,8e-08,4.14917,1.93467,2.76209,1.18795,2
32,10000,5000,25,100,1,9.97941,4.4402e-05,1.4e-07,4.04463,1.94673,2.77138,1.17231,3
32,10000,5000,25,100,1,9.99688,3.1571e-05,1e-07,4.06641,1.92911,2.7849,1.16972,4
32,10000,5000,25,100,1,10.0582,2.5131e-05,1e-07,4.15002,1.93075,2.76722,1.16302,5
32,10000,5000,25,100,1,9.98504,2.7481e-05,8e-08,4.05671,1.92891,2.78823,1.16349,6
32,10000,5000,25,100,1,10.0311,2.5991e-05,9e-08,4.05304,1.92959,2.7876,1.1879,7
32,10000,5000,25,100,1,10.0521,4.3941e-05,1e-07,4.08859,1.94181,2.79753,1.17823,8
32,10000,5000,25,100,1,10.0428,2.5021e-05,8e-08,4.08814,1.92874,2.80915,1.17104,9
64,10000,5000,25,100,1,8.00579,2.8751e-05,1.8e-07,3.25396,1.46026,2.30276,0.914567,0
64,10000,5000,25,100,1,8.50254,3.1031e-05,1.4e-07,3.41013,1.56433,2.50603,0.949923,1
64,10000,5000,25,100,1,8.67864,2.6611e-05,1.2e-07,3.26589,1.68718,2.66261,0.991077,2
64,10000,5000,25,100,1,8.88439,3.0101e-05,1.3e-07,3.31994,1.7458,2.74814,0.996277,3
64,10000,5000,25,100,1,9.24753,4.0092e-05,1.3e-07,3.47596,1.84189,2.8284,1.00702,4
64,10000,5000,25,100,1,9.2139,3.1421e-05,1.3e-07,3.36911,1.8886,2.85568,1.0262,5
64,10000,5000,25,100,1,9.3544,2.9101e-05,2.2e-07,3.43777,1.90103,2.91835,1.02685,6
64,10000,5000,25,100,1,9.54465,3.2941e-05,1.3e-07,3.56162,1.91338,2.96997,1.02939,7
64,10000,5000,25,100,1,9.4926,3.8591e-05,1.3e-07,3.44354,1.97279,2.96239,1.04117,8
64,10000,5000,25,100,1,9.49504,3.5311e-05,1.2e-07,3.48093,1.91005,2.9676,1.06336,9
128,10000,5000,25,100,1,15.3505,3.0871e-05,1.9e-07,6.26252,2.94002,4.65656,1.35883,0
128,10000,5000,25,100,1,15.9383,4.8522e-05,1.31e-07,6.54285,3.01792,4.82783,1.38796,1
128,10000,5000,25,100,1,15.4968,5.6811e-05,8e-08,6.7443,2.91934,4.45822,1.24438,2
128,10000,5000,25,100,1,14.5019,5.1142e-05,1.9e-07,6.29621,2.64011,4.1693,1.26054,3
128,10000,5000,25,100,1,14.68,4.7251e-05,1.7e-07,6.35677,2.66831,4.2341,1.27072,4
128,10000,5000,25,100,1,14.7345,4.8442e-05,1.69e-07,6.3901,2.71325,4.19033,1.2811,5
128,10000,5000,25,100,1,14.3392,4.8162e-05,1.7e-07,6.40968,2.59563,3.93504,1.26148,6
128,10000,5000,25,100,1,14.2282,8.2273e-05,1.8e-07,6.39519,2.53057,3.93964,1.22411,7
128,10000,5000,25,100,1,14.031,5.5242e-05,2e-07,6.23346,2.51313,3.93228,1.22012,8
128,10000,5000,25,100,1,14.3526,7.0572e-05,1.8e-07,6.38837,2.60223,3.9551,1.265,9
