ores,N_train,N_test,N_tiles,N_regressor,Opt_iter,Total_time,Init_time,Cholesky_time,Opt_time,Pred_Uncer_time,Pred_Full_time,Pred_time,N_loop
1,20000,5000,25,100,0,478.391,0.000182625,9e-08,5e-08,168.468,198.24,111.518,0
1,20000,5000,25,100,0,477.274,0.000126664,8e-08,5e-08,167.934,197.584,111.623,1
1,20000,5000,25,100,0,479.839,0.000129573,1.3e-07,6e-08,168.899,199.083,111.773,2
1,20000,5000,25,100,0,476.167,0.000131344,8e-08,5e-08,167.56,197.086,111.395,3
1,20000,5000,25,100,0,477.212,0.000121953,1.1e-07,6e-08,168.046,197.415,111.606,4
1,20000,5000,25,100,0,475.739,0.000127224,8e-08,5e-08,167.636,196.966,111.015,5
1,20000,5000,25,100,0,478.935,0.000129105,1.09e-07,6e-08,168.649,198.645,111.488,6
1,20000,5000,25,100,0,476.728,0.000132225,1.4e-07,6e-08,167.774,197.319,111.504,7
1,20000,5000,25,100,0,476.983,0.000128014,2.93e-06,5e-08,167.944,197.314,111.563,8
1,20000,5000,25,100,0,476.759,0.000129454,8e-08,5e-08,167.831,197.317,111.481,9
2,20000,5000,25,100,0,251.971,0.000121904,1.1e-07,5e-08,89.0139,104.174,57.6276,0
2,20000,5000,25,100,0,250.435,6.2972e-05,8e-08,5e-08,88.937,103.871,57.5629,1
2,20000,5000,25,100,0,250.65,5.5291e-05,9e-08,5e-08,88.8732,104.148,57.571,2
2,20000,5000,25,100,0,250.243,0.000120263,1.1e-07,6e-08,88.8683,103.844,57.4739,3
2,20000,5000,25,100,0,250.019,5.1291e-05,1.1e-07,5e-08,88.6926,103.816,57.4279,4
2,20000,5000,25,100,0,250.948,5.9072e-05,9e-08,5e-08,88.9491,104.295,57.6487,5
2,20000,5000,25,100,0,250.517,0.000178065,1.4e-07,6e-08,88.8504,104.136,57.4673,6
2,20000,5000,25,100,0,250.028,0.000153145,1.1e-07,6e-08,88.6871,103.895,57.3846,7
2,20000,5000,25,100,0,250.817,6.6832e-05,8e-08,5e-08,88.9699,104.13,57.6305,8
2,20000,5000,25,100,0,250.818,6.0632e-05,8e-08,5e-08,88.932,104.118,57.7081,9
4,20000,5000,25,100,0,133.362,0.000113603,8e-08,5e-08,47.1762,56.0764,30.0445,0
4,20000,5000,25,100,0,133.868,5.0861e-05,1.4e-07,6e-08,47.5112,56.2395,30.06,1
4,20000,5000,25,100,0,133.247,5.8782e-05,6e-08,5e-08,47.1327,56.0889,29.9674,2
4,20000,5000,25,100,0,133.502,9.7813e-05,8e-08,4.9e-08,47.3437,56.1261,29.933,3
4,20000,5000,25,100,0,133.981,9.0853e-05,1.4e-07,7e-08,47.4524,56.3604,30.108,4
4,20000,5000,25,100,0,133.936,0.000538257,1.1e-07,5e-08,47.593,56.1692,30.1096,5
4,20000,5000,25,100,0,133.835,0.000126014,1.4e-07,6e-08,47.4148,56.3871,29.9724,6
4,20000,5000,25,100,0,133.948,6.1942e-05,1e-07,4.9e-08,47.5195,56.4323,29.9376,7
4,20000,5000,25,100,0,133.229,0.000119524,6e-08,4e-08,47.0533,56.0854,30.0325,8
4,20000,5000,25,100,0,133.197,0.000122954,8e-08,4e-08,47.1906,56.0359,29.9121,9
8,20000,5000,25,100,0,75.1343,8.6393e-05,9e-08,5e-08,26.8251,31.6102,16.6,0
8,20000,5000,25,100,0,75.2136,6.0882e-05,1e-07,5.1e-08,26.9699,31.6536,16.5286,1
8,20000,5000,25,100,0,75.508,5.6602e-05,1.4e-07,6e-08,26.9521,31.8294,16.6653,2
8,20000,5000,25,100,0,75.3943,4.3892e-05,9e-08,5e-08,26.9266,31.7536,16.6524,3
8,20000,5000,25,100,0,75.334,8.4652e-05,8.9e-08,4.9e-08,26.8945,31.7329,16.6436,4
8,20000,5000,25,100,0,75.3738,0.000114104,1e-07,5e-08,26.9711,31.7381,16.5999,5
8,20000,5000,25,100,0,75.6438,4.0151e-05,8e-08,4e-08,27.1801,31.8315,16.5724,6
8,20000,5000,25,100,0,75.3297,8.0963e-05,1e-07,5e-08,27.0248,31.6469,16.5965,7
8,20000,5000,25,100,0,75.4591,8.1183e-05,1.1e-07,4e-08,27.0098,31.7528,16.6335,8
8,20000,5000,25,100,0,75.4934,5.3402e-05,1e-07,5e-08,27.1448,31.7224,16.5642,9
16,20000,5000,25,100,0,40.4834,5.6821e-05,1.1e-07,6e-08,14.4938,17.1014,8.81935,0
16,20000,5000,25,100,0,40.455,7.7833e-05,6e-08,2e-08,14.4486,17.0884,8.87333,1
16,20000,5000,25,100,0,40.4737,3.6261e-05,1.1e-07,4e-08,14.4809,17.1074,8.81308,2
16,20000,5000,25,100,0,40.5006,8.0833e-05,8.9e-08,5.1e-08,14.4785,17.1056,8.87942,3
16,20000,5000,25,100,0,40.572,4.3892e-05,1e-07,5e-08,14.4839,17.1012,8.85853,4
16,20000,5000,25,100,0,40.4229,0.000165355,1e-07,5e-08,14.4686,17.0853,8.82773,5
16,20000,5000,25,100,0,40.3723,4.4991e-05,5e-08,3e-08,14.4311,17.0686,8.80275,6
16,20000,5000,25,100,0,40.3325,0.000173275,5e-08,2e-08,14.4112,17.0763,8.8087,7
16,20000,5000,25,100,0,40.3815,4.2582e-05,1.1e-07,5.1e-08,14.4721,17.015,8.8269,8
16,20000,5000,25,100,0,40.4579,4.2891e-05,1.4e-07,4.9e-08,14.5102,17.074,8.83487,9
32,20000,5000,25,100,0,24.3961,8.0743e-05,1.4e-07,6e-08,8.6968,10.2707,5.34288,0
32,20000,5000,25,100,0,24.8059,0.00033895,1.5e-07,6e-08,8.90152,10.4138,5.43282,1
32,20000,5000,25,100,0,24.4648,9.8794e-05,1.4e-07,6e-08,8.69129,10.2856,5.43691,2
32,20000,5000,25,100,0,24.543,0.000115224,1.4e-07,6e-08,8.7758,10.333,5.3549,3
32,20000,5000,25,100,0,24.413,5.9972e-05,1e-07,4e-08,8.70605,10.3429,5.31411,4
32,20000,5000,25,100,0,24.4557,5.5012e-05,1.51e-07,6e-08,8.70125,10.3092,5.39018,5
32,20000,5000,25,100,0,24.5345,9.9544e-05,1e-07,5e-08,8.76313,10.3256,5.35982,6
32,20000,5000,25,100,0,24.4782,0.000113583,1e-07,5.1e-08,8.77182,10.2699,5.38651,7
32,20000,5000,25,100,0,24.3841,0.000116544,1e-07,4.9e-08,8.68431,10.3303,5.31643,8
32,20000,5000,25,100,0,24.6636,0.000395352,1e-07,4.9e-08,8.80549,10.4064,5.36213,9
64,20000,5000,25,100,0,19.6573,8.9363e-05,1.5e-07,6e-08,7.12791,8.29201,4.1591,0
64,20000,5000,25,100,0,19.9279,7.9392e-05,1.4e-07,6e-08,7.23028,8.27802,4.33484,1
64,20000,5000,25,100,0,20.0483,0.000112653,1.4e-07,6e-08,7.11305,8.45366,4.36688,2
64,20000,5000,25,100,0,20.0802,0.000115324,1.4e-07,6e-08,7.27629,8.36793,4.35118,3
64,20000,5000,25,100,0,20.3563,9.6452e-05,1.4e-07,6e-08,7.31929,8.58266,4.37554,4
64,20000,5000,25,100,0,20.4481,6.6492e-05,1.8e-07,9e-08,7.30927,8.5453,4.49137,5
64,20000,5000,25,100,0,20.1295,6.3942e-05,1.8e-07,8e-08,7.15074,8.54432,4.36132,6
64,20000,5000,25,100,0,20.4736,6.4422e-05,1.31e-07,6e-08,7.25197,8.68771,4.45947,7
64,20000,5000,25,100,0,20.7104,6.0912e-05,1.7e-07,9e-08,7.37889,8.78867,4.41241,8
64,20000,5000,25,100,0,20.6429,9.9813e-05,1.5e-07,7e-08,7.22217,8.768,4.57756,9
128,20000,5000,25,100,0,28.9386,6.1792e-05,1.4e-07,5e-08,9.64776,13.74,5.43188,0
128,20000,5000,25,100,0,29.4463,0.000117224,1.8e-07,6.9e-08,11.4954,12.5275,5.25389,1
128,20000,5000,25,100,0,29.0798,9.9704e-05,1.4e-07,7e-08,10.2552,13.1377,5.5712,2
128,20000,5000,25,100,0,29.3639,9.8503e-05,1.7e-07,8e-08,11.621,12.4748,5.15122,3
128,20000,5000,25,100,0,28.5213,0.000131334,1.4e-07,6e-08,10.0913,12.5636,5.7024,4
128,20000,5000,25,100,0,29.5619,8.1252e-05,1.4e-07,5e-08,10.5798,13.1287,5.73108,5
128,20000,5000,25,100,0,29.3933,8.3593e-05,1.4e-07,6e-08,10.5251,12.9933,5.75301,6
128,20000,5000,25,100,0,29.5386,8.5993e-05,1.8e-07,8e-08,11.1452,12.6963,5.50726,7
128,20000,5000,25,100,0,29.7601,0.000179486,1.4e-07,5e-08,10.9875,13.109,5.5405,8
128,20000,5000,25,100,0,30.5581,0.000129954,1.2e-07,6.9e-08,10.8695,13.5949,5.96049,9
