Cores,N_train,N_test,N_tiles,N_regressor,Opt_iter,Total_time,Init_time,Opt_time,Pred_Uncer_time,Predict_time,N_loop
64,10000,5000,100,100,0,10.0533,0.000142884,1.1e-07,5.96487,3.86643,0
64,10000,5000,100,100,0,9.28665,5.8052e-05,1.2e-07,6.68089,2.51702,1
64,10000,5000,100,100,0,8.39183,9.0922e-05,1.3e-07,5.68249,2.61547,2
64,10000,5000,100,100,0,8.0874,7.0263e-05,1.1e-07,5.54911,2.44851,3
64,10000,5000,100,100,0,8.19909,6.0013e-05,1.3e-07,5.61014,2.50339,4
64,10000,5000,100,100,0,8.10216,6.4901e-05,2e-07,5.53101,2.48551,5
64,10000,5000,100,100,0,8.20028,5.9891e-05,1.4e-07,5.61945,2.49979,6
64,10000,5000,100,100,0,8.16024,5.4912e-05,1.8e-07,5.58238,2.45864,7
64,10000,5000,100,100,0,8.1536,7.9193e-05,1.1e-07,5.61247,2.45522,8
64,10000,5000,100,100,0,8.28029,7.2592e-05,1.6e-07,5.69337,2.50288,9
64,20000,5000,100,100,0,17.7928,0.000181926,1.9e-07,10.8647,6.84538,0
64,20000,5000,100,100,0,18.5453,0.000107413,1.9e-07,11.3373,7.12358,1
64,20000,5000,100,100,0,18.9863,0.000100803,8e-08,11.5969,7.27626,2
64,20000,5000,100,100,0,18.8108,8.3862e-05,1.7e-07,11.5182,7.20965,3
64,20000,5000,100,100,0,19.0019,8.7792e-05,1.69e-07,11.6673,7.25807,4
64,20000,5000,100,100,0,19.1125,8.1372e-05,1.4e-07,11.7815,7.24663,5
64,20000,5000,100,100,0,19.3781,9.0153e-05,1.4e-07,11.9344,7.33078,6
64,20000,5000,100,100,0,19.2251,9.7693e-05,1.8e-07,11.8711,7.27164,7
64,20000,5000,100,100,0,19.1534,9.0073e-05,1.6e-07,11.7639,7.31195,8
64,20000,5000,100,100,0,19.0974,8.1982e-05,1.11e-07,11.7334,7.27682,9
64,30000,5000,100,100,0,45.1859,0.000114243,1.9e-07,29.6548,15.4075,0
64,30000,5000,100,100,0,45.5486,0.000170534,1.49e-07,30.067,15.3949,1
64,30000,5000,100,100,0,45.0568,0.000129763,9.1e-08,29.9161,15.0219,2
64,30000,5000,100,100,0,45.8785,0.000123094,1.4e-07,30.6125,15.1688,3
64,30000,5000,100,100,0,45.8377,0.000251587,1.2e-07,30.4,15.3177,4
64,30000,5000,100,100,0,45.78,0.000140484,1.9e-07,30.5311,15.1559,5
64,30000,5000,100,100,0,45.9235,0.000126754,1.4e-07,30.4278,15.3792,6
64,30000,5000,100,100,0,46.0061,0.000131234,1.29e-07,30.7059,15.2105,7
64,30000,5000,100,100,0,45.7597,0.000165425,1.3e-07,30.2554,15.3868,8
64,30000,5000,100,100,0,45.3221,9.8302e-05,1.4e-07,30.1239,15.11,9
64,40000,5000,100,100,0,80.3156,0.000138514,1.7e-07,50.3477,29.8428,0
64,40000,5000,100,100,0,79.4718,0.000143214,1.7e-07,49.6548,29.6891,1
64,40000,5000,100,100,0,79.1572,0.000135864,1.6e-07,49.3217,29.6804,2
64,40000,5000,100,100,0,78.9784,0.000150985,1.8e-07,49.109,29.7448,3
64,40000,5000,100,100,0,78.6269,0.000142144,1.4e-07,48.7445,29.7609,4
64,40000,5000,100,100,0,78.1871,0.000180715,1.29e-07,48.5042,29.5638,5
64,40000,5000,100,100,0,77.9396,0.000143484,1e-07,48.1992,29.6182,6
64,40000,5000,100,100,0,77.7915,0.000178265,1.7e-07,48.0017,29.6616,7
64,40000,5000,100,100,0,77.2032,0.000119403,1.2e-07,47.5389,29.5419,8
64,40000,5000,100,100,0,77.5188,0.000127384,1.6e-07,47.7904,29.5998,9
64,50000,5000,100,100,0,110.455,0.000292189,1.2e-07,61.6529,48.6816,0
64,50000,5000,100,100,0,110.223,0.000279448,1.3e-07,61.3741,48.7293,1
64,50000,5000,100,100,0,110.388,0.000392572,1.31e-07,61.5053,48.7623,2
64,50000,5000,100,100,0,110.427,0.000409083,1.6e-07,61.5546,48.7249,3
64,50000,5000,100,100,0,110.53,0.000397042,1.2e-07,61.6663,48.7454,4
64,50000,5000,100,100,0,110.34,0.000392192,1.2e-07,61.5048,48.7142,5
64,50000,5000,100,100,0,110.372,0.000389535,1.3e-07,61.5379,48.7116,6
64,50000,5000,100,100,0,110.404,0.000389954,1.2e-07,61.5886,48.6834,7
64,50000,5000,100,100,0,110.336,0.000382834,1.4e-07,61.4258,48.7814,8
64,50000,5000,100,100,0,110.2,0.000392164,1.3e-07,61.5595,48.5157,9
64,60000,5000,100,100,0,199.503,0.000503617,1.7e-07,124.738,74.6349,0
64,60000,5000,100,100,0,198.13,0.000337891,1.4e-07,123.455,74.516,1
64,60000,5000,100,100,0,198.684,0.000239257,1.9e-07,123.964,74.5903,2
64,60000,5000,100,100,0,199.036,0.000220247,1.7e-07,124.226,74.6775,3
64,60000,5000,100,100,0,199.019,0.000243527,2e-07,124.204,74.6857,4
64,60000,5000,100,100,0,199.107,0.000244428,1.2e-07,124.374,74.6064,5
64,60000,5000,100,100,0,199.275,0.000239908,1.7e-07,124.352,74.764,6
64,60000,5000,100,100,0,199.485,0.000279959,1.4e-07,124.645,74.7094,7
64,60000,5000,100,100,0,199.553,0.000204287,1.3e-07,124.614,74.8063,8
64,60000,5000,100,100,0,199.638,0.000197267,1.7e-07,124.727,74.7761,9
64,70000,5000,100,100,0,307.429,0.000409674,1.8e-07,190.089,117.199,0
64,70000,5000,100,100,0,306.83,0.000535998,1.9e-07,189.532,117.131,1
64,70000,5000,100,100,0,307.202,0.000444285,1.2e-07,189.9,117.155,2
64,70000,5000,100,100,0,307.159,0.000274139,1.9e-07,189.754,117.265,3
64,70000,5000,100,100,0,307.648,0.000518717,1.29e-07,190.269,117.221,4
64,70000,5000,100,100,0,307.615,0.000537257,2e-07,190.108,117.31,5
64,70000,5000,100,100,0,307.719,0.000350642,1.8e-07,190.328,117.258,6
64,70000,5000,100,100,0,308.006,0.000416144,1.8e-07,190.584,117.262,7
64,70000,5000,100,100,0,307.62,0.000566468,1.3e-07,190.233,117.248,8
64,70000,5000,100,100,0,307.896,0.000478075,1.4e-07,190.625,117.141,9
64,80000,5000,100,100,0,436.985,0.000735294,1.9e-07,269.689,167.116,0
64,80000,5000,100,100,0,436.409,0.00063622,1.9e-07,269.196,166.989,1
64,80000,5000,100,100,0,436.554,0.000679712,1.2e-07,269.26,167.143,2
64,80000,5000,100,100,0,436.805,0.000674421,2e-07,269.503,167.075,3
64,80000,5000,100,100,0,437.33,0.00061961,1.4e-07,269.912,167.272,4
64,80000,5000,100,100,0,439.464,0.000392812,1.4e-07,271.6,167.664,5
64,80000,5000,100,100,0,437.557,0.000461944,1.4e-07,270.023,167.366,6
64,80000,5000,100,100,0,437.372,0.000579798,1.89e-07,269.963,167.199,7
64,80000,5000,100,100,0,437.808,0.000647911,1.3e-07,270.386,167.269,8
64,80000,5000,100,100,0,444.532,0.000732963,1.2e-07,275.925,168.372,9
64,90000,5000,100,100,0,547.612,0.000909842,2e-07,341.247,206.137,0
64,90000,5000,100,100,0,544.507,0.000509927,1.5e-07,339.215,205.05,1
64,90000,5000,100,100,0,545.51,0.00030229,1.5e-07,339.872,205.494,2
64,90000,5000,100,100,0,544.629,0.000328161,1.4e-07,339.232,205.136,3
64,90000,5000,100,100,0,545.004,0.000275779,1.8e-07,339.43,205.353,4
64,90000,5000,100,100,0,545.827,0.000642751,1.51e-07,340.154,205.434,5
64,90000,5000,100,100,0,546.211,0.000239268,1.4e-07,340.483,205.522,6
64,90000,5000,100,100,0,546.451,0.000318581,1.5e-07,340.303,205.901,7
64,90000,5000,100,100,0,546.879,0.000247418,1.8e-07,340.846,205.826,8
64,90000,5000,100,100,0,546.4,0.000370711,1.29e-07,340.644,205.524,9
64,100000,5000,100,100,0,583.868,0.00064083,1.4e-07,310.869,272.788,0
64,100000,5000,100,100,0,583.857,0.000585149,1.3e-07,310.972,272.647,1
64,100000,5000,100,100,0,583.548,0.000751624,1.1e-07,310.664,272.677,2
64,100000,5000,100,100,0,583.77,0.000782305,1.5e-07,310.859,272.676,3
64,100000,5000,100,100,0,583.61,0.000761894,1.5e-07,310.64,272.766,4
64,100000,5000,100,100,0,583.957,0.000762893,1.31e-07,310.851,272.965,5
64,100000,5000,100,100,0,583.57,0.000756924,1.6e-07,310.965,272.399,6
64,100000,5000,100,100,0,584.262,0.000727643,1.5e-07,311.227,272.794,7
64,100000,5000,100,100,0,584.949,0.000731853,1.4e-07,311.536,273.212,8
64,100000,5000,100,100,0,584.31,0.000735573,1.5e-07,310.934,273.145,9
