Cores,N_train,N_test,N_tiles,N_regressor,Opt_iter,Total_time,Init_time,Opt_time,Pred_Uncer_time,Predict_time,N_loop
64,10000,5000,25,100,0,2.67443,9.9693e-05,9e-08,1.57876,0.886396,0
64,10000,5000,25,100,0,2.45071,5.8052e-05,1.2e-07,1.47956,0.891656,1
64,10000,5000,25,100,0,2.4693,5.7742e-05,1.4e-07,1.47483,0.913506,2
64,10000,5000,25,100,0,2.54851,5.2292e-05,1e-07,1.54688,0.923196,3
64,10000,5000,25,100,0,2.60421,5.0241e-05,4e-08,1.59722,0.931987,4
64,10000,5000,25,100,0,2.6722,6.1412e-05,1e-07,1.65687,0.93855,5
64,10000,5000,25,100,0,2.73159,3.2261e-05,7.1e-08,1.69767,0.949703,6
64,10000,5000,25,100,0,2.84641,4.5871e-05,1.2e-07,1.76516,1.00343,7
64,10000,5000,25,100,0,2.86032,4.6441e-05,1.1e-07,1.78188,0.999572,8
64,10000,5000,25,100,0,2.86072,9.6033e-05,1.2e-07,1.79762,0.981652,9
64,20000,5000,25,100,0,11.6627,7.4923e-05,1e-07,7.3797,4.20295,0
64,20000,5000,25,100,0,11.3488,6.3733e-05,1.4e-07,7.04964,4.22378,1
64,20000,5000,25,100,0,11.355,9.2094e-05,1e-07,7.06393,4.21234,2
64,20000,5000,25,100,0,11.4907,0.000112513,7e-08,7.09847,4.28125,3
64,20000,5000,25,100,0,11.5238,8.7733e-05,1.1e-07,7.15811,4.28557,4
64,20000,5000,25,100,0,11.7175,5.2292e-05,8e-08,7.2518,4.38843,5
64,20000,5000,25,100,0,11.489,0.000203067,1e-07,7.16192,4.2446,6
64,20000,5000,25,100,0,11.7147,9.8373e-05,9e-08,7.19549,4.43562,7
64,20000,5000,25,100,0,11.5419,9.0722e-05,9e-08,7.18649,4.27352,8
64,20000,5000,25,100,0,11.8253,6.4922e-05,8e-08,7.23935,4.47499,9
64,30000,5000,25,100,0,28.596,9.9593e-05,9.1e-08,17.5285,10.9911,0
64,30000,5000,25,100,0,28.5751,0.00062096,1.2e-07,17.2037,11.2904,1
64,30000,5000,25,100,0,28.8083,0.000127204,1e-07,17.1703,11.5144,2
64,30000,5000,25,100,0,29.091,0.000201606,7.1e-08,17.4221,11.5854,3
64,30000,5000,25,100,0,28.7991,0.000141715,1.1e-07,17.3718,11.338,4
64,30000,5000,25,100,0,28.9796,0.000189497,1e-07,17.5535,11.3039,5
64,30000,5000,25,100,0,28.8855,8.4513e-05,8.9e-08,17.5032,11.2961,6
64,30000,5000,25,100,0,28.7207,0.000249787,1.1e-07,17.1884,11.4484,7
64,30000,5000,25,100,0,28.894,0.000145115,1.01e-07,17.3821,11.3948,8
64,30000,5000,25,100,0,28.7937,0.000173936,8e-08,17.356,11.3585,9
64,40000,5000,25,100,0,60.0365,0.000452704,1.1e-07,35.3739,24.5797,0
64,40000,5000,25,100,0,59.8259,0.000111123,1.2e-07,35.535,24.1762,1
64,40000,5000,25,100,0,59.3788,0.000110674,1.2e-07,35.0726,24.2272,2
64,40000,5000,25,100,0,58.8805,0.000238747,1.2e-07,34.7374,24.0326,3
64,40000,5000,25,100,0,58.5849,0.000253618,1e-07,34.6602,23.7842,4
64,40000,5000,25,100,0,59.5492,0.000110523,1.6e-07,35.1096,24.3308,5
64,40000,5000,25,100,0,59.4495,0.000153635,1.6e-07,35.1306,24.2435,6
64,40000,5000,25,100,0,58.944,0.000106713,1.1e-07,34.7114,24.089,7
64,40000,5000,25,100,0,59.395,0.000107793,1.5e-07,35.4028,23.9211,8
64,40000,5000,25,100,0,59.5668,0.000160835,1.3e-07,35.698,23.7609,9
64,50000,5000,25,100,0,103.68,0.000430973,1e-07,60.6772,42.9216,0
64,50000,5000,25,100,0,103.444,0.00028856,1.4e-07,60.4395,42.8894,1
64,50000,5000,25,100,0,103.692,0.000344271,1.2e-07,60.5018,43.0735,2
64,50000,5000,25,100,0,103.107,0.000375643,1.7e-07,59.6782,43.3179,3
64,50000,5000,25,100,0,104.321,0.000448544,1.4e-07,60.3595,43.8484,4
64,50000,5000,25,100,0,103.103,0.000364762,2e-07,60.3279,42.6674,5
64,50000,5000,25,100,0,103.235,0.00034193,9e-08,60.1708,42.9487,6
64,50000,5000,25,100,0,102.179,0.00033251,1.1e-07,59.4515,42.5829,7
64,50000,5000,25,100,0,103.969,0.000355702,1.4e-07,60.6927,43.1643,8
64,50000,5000,25,100,0,103.347,0.000352671,1.5e-07,59.8937,43.3424,9
64,60000,5000,25,100,0,167.301,0.000389452,1.3e-07,96.0801,71.1083,0
64,60000,5000,25,100,0,167.243,0.000399473,1e-07,95.9253,71.2017,1
64,60000,5000,25,100,0,168.081,0.000352111,1.4e-07,96.3405,71.626,2
64,60000,5000,25,100,0,164.729,0.000428604,1.6e-07,93.9838,70.633,3
64,60000,5000,25,100,0,167.331,0.000497736,1.4e-07,94.658,72.5173,4
64,60000,5000,25,100,0,167.541,0.000443154,1.3e-07,94.313,73.1135,5
64,60000,5000,25,100,0,166.071,0.000426374,1.2e-07,94.8344,71.1169,6
64,60000,5000,25,100,0,165.763,0.000427915,1.5e-07,94.2855,71.3598,7
64,60000,5000,25,100,0,167.676,0.000442875,1e-07,95.7797,71.7834,8
64,60000,5000,25,100,0,168.568,0.000456325,1e-07,96.1509,72.3031,9
64,70000,5000,25,100,0,252.614,0.000550418,1.7e-07,140.579,111.876,0
64,70000,5000,25,100,0,253.654,0.000496006,1.11e-07,141.654,111.884,1
64,70000,5000,25,100,0,251.654,0.000500106,1.5e-07,141.298,110.231,2
64,70000,5000,25,100,0,253.171,0.000516086,1.6e-07,142.434,110.613,3
64,70000,5000,25,100,0,250.785,0.000522907,8e-08,141.617,109.019,4
64,70000,5000,25,100,0,252.144,0.000522217,1.1e-07,141.393,110.633,5
64,70000,5000,25,100,0,251.339,0.000515257,1e-07,141.05,110.171,6
64,70000,5000,25,100,0,247.016,0.000521807,1.6e-07,138.676,108.217,7
64,70000,5000,25,100,0,252.31,0.000511276,1.5e-07,139.9,112.263,8
64,70000,5000,25,100,0,254.241,0.000493266,8e-08,144.584,109.544,9
64,80000,5000,25,100,0,365.272,0.000492326,1.1e-07,202.327,162.82,0
64,80000,5000,25,100,0,369.163,0.000554998,1.1e-07,206.126,162.899,1
64,80000,5000,25,100,0,362.438,0.000672902,1.6e-07,202.19,160.076,2
64,80000,5000,25,100,0,362.35,0.000635531,1.2e-07,200.91,161.245,3
64,80000,5000,25,100,0,366.546,0.000593368,1.2e-07,202.949,163.471,4
64,80000,5000,25,100,0,362.029,0.000561588,1.2e-07,201.633,160.251,5
64,80000,5000,25,100,0,360.197,0.00142228,1.31e-07,201.954,158.049,6
64,80000,5000,25,100,0,359.367,0.000610269,1.4e-07,199.64,159.599,7
64,80000,5000,25,100,0,367.583,0.000593018,9e-08,204.002,163.422,8
64,80000,5000,25,100,0,362.247,0.000598529,1.2e-07,201.34,160.718,9
64,90000,5000,25,100,0,504.365,0.000668901,1.9e-07,276.804,227.438,0
64,90000,5000,25,100,0,501.12,0.000666891,1.3e-07,277.552,223.347,1
64,90000,5000,25,100,0,501.295,0.000561488,9e-08,274.765,226.336,2
64,90000,5000,25,100,0,505.119,0.000555227,1e-07,280.225,223.656,3
64,90000,5000,25,100,0,498.227,0.000664551,1.6e-07,275.2,222.829,4
64,90000,5000,25,100,0,503.079,0.00064659,1.6e-07,277.316,225.533,5
64,90000,5000,25,100,0,508.585,0.000652621,1.4e-07,277.281,231.11,6
64,90000,5000,25,100,0,497.374,0.00064165,1.09e-07,271.759,225.392,7
64,90000,5000,25,100,0,493.549,0.000525106,1.1e-07,272.265,221.078,8
64,90000,5000,25,100,0,507.046,0.0017753,1.6e-07,278.008,228.811,9
64,100000,5000,25,100,0,662.986,0.00063023,1.5e-07,360.542,302.247,0
64,100000,5000,25,100,0,669.53,0.000717732,2e-07,368.304,301.003,1
64,100000,5000,25,100,0,658.855,0.00133459,9e-08,362.154,296.496,2
64,100000,5000,25,100,0,668.949,0.000735423,1.2e-07,366.104,301.605,3
64,100000,5000,25,100,0,675.049,0.00150112,1.4e-07,370.929,303.91,4
64,100000,5000,25,100,0,672.689,0.000747744,1.1e-07,365.445,307.008,5
64,100000,5000,25,100,0,662.152,0.000759354,1.2e-07,362.582,299.371,6
64,100000,5000,25,100,0,679.389,0.000730623,9e-08,376.72,302.441,7
64,100000,5000,25,100,0,672.751,0.000724103,1.3e-07,375.855,296.695,8
64,100000,5000,25,100,0,662.143,0.000752713,9e-08,360.458,301.422,9
