Cores,N_train,N_test,N_tiles,N_regressor,Opt_iter,Total_time,Init_time,Opt_time,Pred_Uncer_time,Predict_time,N_loop
128,20000,5000,1,100,1,880.147,0.000269288,534.676,202.721,142.503,0
128,20000,5000,1,100,1,893.606,0.000152514,546.646,207.73,138.982,1
128,20000,5000,1,100,1,910.56,0.000302099,567.379,203.385,139.544,2
128,20000,5000,1,100,1,893.796,0.000317711,557.246,198.166,138.123,3
128,20000,5000,1,100,1,923.826,0.000233207,574.405,204.491,144.672,4
128,20000,5000,1,100,1,907.894,0.000277429,553.463,213.874,140.313,5
128,20000,5000,1,100,1,900.89,0.000267549,556.557,204.476,139.616,6
128,20000,5000,1,100,1,891.712,0.000243448,552.666,199.438,139.373,7
128,20000,5000,1,100,1,885.678,0.000201396,541.091,204.124,140.224,8
128,20000,5000,1,100,1,888.686,0.000193396,548.541,202.129,137.797,9

128,20000,5000,2,100,1,484.338,0.000194726,240.397,121.991,121.714,0
128,20000,5000,2,100,1,490.743,0.000219927,248.966,128.266,113.298,1
128,20000,5000,2,100,1,480.991,0.000154795,258.735,115.97,106.032,2
128,20000,5000,2,100,1,478.875,0.000222027,235.762,131.908,110.962,3
128,20000,5000,2,100,1,460.545,0.000180976,236.668,114.65,108.977,4
128,20000,5000,2,100,1,458.514,0.000171285,236.109,113.512,108.689,5
128,20000,5000,2,100,1,457.653,0.000183556,236.382,113.644,107.39,6
128,20000,5000,2,100,1,454.184,0.000131414,231.553,112.396,109.998,7
128,20000,5000,2,100,1,491.278,0.000143165,239.291,130.424,121.319,8
128,20000,5000,2,100,1,471.918,0.000158565,235.742,116.762,119.211,9

128,20000,5000,4,100,1,174.404,0.000192286,89.5765,41.8211,42.7654,0
128,20000,5000,4,100,1,173.171,0.000602079,85.5911,44.6311,42.7942,1
128,20000,5000,4,100,1,170.622,0.000193566,84.0397,45.043,41.3863,2
128,20000,5000,4,100,1,162.655,0.000151444,82.5539,40.5427,39.4052,3
128,20000,5000,4,100,1,170.768,0.000267768,84.067,42.4307,44.1162,4
128,20000,5000,4,100,1,165.123,0.000202516,82.3434,41.2615,41.3754,5
128,20000,5000,4,100,1,172.307,0.000195976,87.6646,44.1612,40.3116,6
128,20000,5000,4,100,1,163.089,0.000159125,78.8318,42.4008,41.7051,7
128,20000,5000,4,100,1,168.513,0.000564877,83.2496,43.4021,41.7146,8
128,20000,5000,4,100,1,164.467,0.000293409,79.4719,45.0852,39.761,9

128,20000,5000,8,100,1,61.341,0.000237967,33.5202,14.1542,13.3564,0
128,20000,5000,8,100,1,60.9519,5.9922e-05,31.5956,16.3099,12.8969,1
128,20000,5000,8,100,1,54.9879,8.1343e-05,28.8719,13.3261,12.6378,2
128,20000,5000,8,100,1,58.6085,7.1362e-05,30.4357,15.0875,12.9509,3
128,20000,5000,8,100,1,57.3781,6.2902e-05,29.6706,14.8708,12.6813,4
128,20000,5000,8,100,1,58.3059,5.7802e-05,31.586,13.8388,12.7611,5
128,20000,5000,8,100,1,60.3237,5.0151e-05,32.3256,14.0362,13.8112,6
128,20000,5000,8,100,1,55.1895,0.00031914,28.3665,13.9167,12.7475,7
128,20000,5000,8,100,1,60.8691,9.8713e-05,32.0226,14.4416,14.2902,8
128,20000,5000,8,100,1,54.9196,0.000112293,28.2838,13.7438,12.7466,9

128,20000,5000,25,100,1,25.5593,0.000207487,15.4674,5.8073,4.03125,0
128,20000,5000,25,100,1,29.4299,6.1102e-05,17.9519,7.05483,4.28989,1
128,20000,5000,25,100,1,29.6323,6.2742e-05,17.6975,7.31707,4.48537,2
128,20000,5000,25,100,1,30.9578,8.9902e-05,18.362,7.80263,4.64068,3
128,20000,5000,25,100,1,31.8582,6.6662e-05,18.7222,8.3116,4.68148,4
128,20000,5000,25,100,1,32.2928,6.4582e-05,18.8429,8.41234,4.87413,5
128,20000,5000,25,100,1,32.682,7.0122e-05,19.1549,8.70362,4.70796,6
128,20000,5000,25,100,1,32.233,0.000123194,19.1065,8.20926,4.76796,7
128,20000,5000,25,100,1,33.3838,8.0742e-05,19.6995,8.78498,4.77151,8
128,20000,5000,25,100,1,33.1764,8.3292e-05,19.7694,8.46958,4.73536,9

128,20000,5000,50,100,1,48.2482,0.000255158,31.496,10.7783,5.69733,0
128,20000,5000,50,100,1,48.3435,0.000114733,30.8285,11.4879,5.86814,1
128,20000,5000,50,100,1,51.9111,0.000106814,32.7556,12.2795,6.67709,2
128,20000,5000,50,100,1,51.3906,0.000208056,32.5094,12.3119,6.40743,3
128,20000,5000,50,100,1,52.1046,0.000248278,33.3763,12.2733,6.25828,4
128,20000,5000,50,100,1,54.2802,0.000102233,35.1138,12.5036,6.50365,5
128,20000,5000,50,100,1,55.5993,7.1902e-05,35.8199,12.9987,6.5859,6
128,20000,5000,50,100,1,55.5795,7.0112e-05,36.225,12.6822,6.51362,7
128,20000,5000,50,100,1,56.3432,7.5802e-05,36.9074,12.6442,6.5913,8
128,20000,5000,50,100,1,56.969,7.6782e-05,37.2452,12.8614,6.69511,9

128,20000,5000,100,100,1,75.5563,0.000242427,53.7048,13.8798,7.68303,0
128,20000,5000,100,100,1,72.6456,0.000260668,51.814,12.7556,7.86772,1
128,20000,5000,100,100,1,73.5811,0.000119564,52.5214,12.9498,7.91123,2
128,20000,5000,100,100,1,73.4709,0.000118993,52.7999,12.7808,7.69082,3
128,20000,5000,100,100,1,73.7274,0.000105203,52.2162,13.4039,7.90758,4
128,20000,5000,100,100,1,75.958,0.000105643,54.3501,13.3945,8.00744,5
128,20000,5000,100,100,1,77.0483,0.000109693,54.8575,13.7395,8.25288,6
128,20000,5000,100,100,1,78.6065,0.000163735,56.2504,13.7603,8.39251,7
128,20000,5000,100,100,1,78.7871,9.6752e-05,56.318,13.9303,8.33144,8
128,20000,5000,100,100,1,79.5247,0.000144865,57.1804,13.8457,8.29086,9

128,20000,5000,200,100,1,176.559,0.000192336,122.782,34.1701,19.2431,0
128,20000,5000,200,100,1,177.652,0.000166045,121.377,36.5913,19.4582,1
128,20000,5000,200,100,1,176.856,0.00031478,122.827,32.5446,21.2532,2
128,20000,5000,200,100,1,182.472,0.000165055,123.717,33.9619,24.5665,3
128,20000,5000,200,100,1,180.323,0.000264978,121.232,35.2417,23.6048,4
128,20000,5000,200,100,1,178.349,0.000299329,123.334,32.6138,22.1195,5
128,20000,5000,200,100,1,174.568,0.000147005,122.602,32.5398,19.1864,6
128,20000,5000,200,100,1,174.318,0.000174025,121.17,32.8749,20.0452,7
128,20000,5000,200,100,1,176.863,0.000147005,123.916,32.5847,20.1189,8
128,20000,5000,200,100,1,174.306,0.00031757,121.606,32.0015,20.4624,9

128,20000,5000,500,100,1,2370.76,0.000248298,1821.62,362.594,186.079,0
128,20000,5000,500,100,1,2071.04,0.00034305,1649.73,300.998,119.934,1
128,20000,5000,500,100,1,2073.95,0.000134075,1630.81,307.299,135.452,2
128,20000,5000,500,100,1,2109.74,0.000180065,1622.03,307.47,179.856,3
128,20000,5000,500,100,1,2209.43,0.000198416,1768.91,298.959,141.105,4
128,20000,5000,500,100,1,2111.83,0.000211106,1614.37,357.108,139.992,5
128,20000,5000,500,100,1,2246.71,0.000202746,1755.92,309.543,180.778,6
128,20000,5000,500,100,1,2385.59,0.000143084,1762.54,449.423,173.151,7
128,20000,5000,500,100,1,2237.57,7.9482e-05,1619.77,346.184,271.225,8
128,20000,5000,500,100,1,2302.72,0.000251548,1802.84,337.822,161.603,9
