0.1527232825889916
0.1624732231501291
0.1722177998629425
0.18195577254668358
0.19168590174741532
0.20140694894410993
0.21111767675464094
0.22081684914163002
0.23050323161810973
0.24017559145296483
0.2498326978761122
0.2594733222833821
0.26909623844106095
0.27870022269005856
0.2882840541496607
0.29784651492082875
0.30738639028900844
0.31690246892640994
0.32639354309372015
0.3358584088412111
0.34529586620920416
0.3547047194278553
0.36408377711622136
0.3734318524805704
0.382747763511902
0.3920303331826334
0.4012783896424231
0.41049076641308846
0.4196663025825826
0.4288038429979968
0.43790223845754694
0.4469603459015135
0.45597702860209466
0.4649511563521389
0.47388160565272236
0.48276725989953384
0.4916070095680328
0.5003997523973477
0.5091443935728764
0.5178398459075579
0.5264850300217786
0.5350788745218831
0.5436203161772479
0.5521083000958978
0.5605417798986178
0.5689197178915378
0.5772410852371554
0.5855048621237591
0.5937100379332317
0.6018556114071881
0.6099405908114305
0.6179639940986775
0.6259248490695482
0.6338221935317597
0.6416550754575203
0.6494225531390769
0.6571236953423973
0.6647575814589533
0.6723233016555761
0.6798199570223619
0.68724665971859
0.694602533116637
0.701886711943852
0.709098342422371
0.7162365824068432
0.7233006015200423
0.7302895812863403
0.7372027152630156
0.7440392091693735
0.7507982810136579
0.7574791612177209
0.7640810927394387
0.7706033311928441
0.7770451449659568
0.7834058153362867
0.7896846365839905
0.7958809161026642
0.8019939745077431
0.8080231457424978
0.8139677771816028
0.8198272297322543
0.825600877932831
0.8312881100490686
0.8368883281677301
0.8424009482877709
0.8478254004089538
0.8531611286179316
0.8584075911717511
0.8635642605787852
0.8686306236770657
0.8736061817100108
0.878490450399528
0.8832829600164827
0.8879832554485206
0.8925908962652274
0.8971054567806197
0.9015265261129535
0.9058537082418423
0.9100866220626668
0.914224901438282
0.9182681952479971
0.922216167433828
0.9260684970440167
0.9298248782738033
0.9334850205034513
0.9370486483335123
0.9405155016173323
0.9438853354907911
0.9471579203992666
0.9503330421218293
0.95341050179265
0.9563901159196354
0.9592717164002708
0.9620551505346836
0.9647402810359149
0.9673269860374045
0.9698151590976914
0.9722047092023213
0.9744955607629701
0.9766876536137827
0.978780943004928
0.9807753995933708
0.9826710094308713
0.9844677739492061
0.9861657099426213
0.9877648495475195
0.98926524021939
0.9906669447069807
0.9919700410237247
0.9931746224164275
0.9942807973312177
0.9952886893767738
0.9961984372848353
0.9970101948680037
0.9977241309748439
0.9983404294423028
0.9988592890454436
0.9992809234445165
0.999605561129373
0.9998334453612387
0.9999648341118543
1.0
0.9999392302254144
0.9997828265001264
0.9995311049772114
0.9991843961769855
0.9987430449106588
0.9982074102014596
0.9975778652032453
0.9968547971166222
0.9960386071025864
0.9951297101937059
0.994128535202865
0.9930355246295843
0.9918511345639421
0.9905758345881102
0.989210107675535
0.9877544500877697
0.9862093712689937
0.9845753937382321
0.9828530529793006
0.9810428973284955
0.9791454878600582
0.9771613982694289
0.9750912147543226
0.9729355358936416
0.970694972524261
0.9683701476157008
0.9659616961427175
0.9634702649558397
0.9608965126498725
0.9582411094303948
0.9555047369782873
0.9526880883123056
0.9497918676497312
0.9468167902651334
0.9437635823472638
0.9406329808541142
0.9374257333661703
0.9341425979378861
0.9307843429474125
0.9273517469446072
0.9238455984973588
0.9202666960362588
0.9166158476976399
0.9128938711650334
0.909101593509055
0.9052398510257669
0.9013094890735398
0.8973113619084561
0.893246332518272
0.8891152724549921
0.8849190616660697
0.8806585883242826
0.8763347486563065
0.871948446770027
0.8675005944806248
0.862992111135461
0.8584239234378062
0.8537969652694448
0.8491121775121877
0.8443705078683335
0.8395729106801054
0.8347203467481129
0.8298137831488582
0.824854193051337
0.8198425555327621
0.814779855393448
0.8096670829708934
0.804505233953099
0.7992953091911563
0.7940383145111423
0.7887352605253622
0.7833871624429714
0.777995039880019
0.7725599166689449
0.7670828206675738
0.7615647835676382
0.7560068407028699
0.7504100308566982
0.7447753960695928
0.7391039814460857
0.7333968349615138
0.7276550072685158
0.7218795515033293
0.7160715230919095
0.7102319795559281
0.7043619803186737
0.6984625865108975
0.692534860776645
0.6865798670791029
0.6805986705065089
0.6745923370781548
0.6685619335505213
0.6625085272235868
0.656433185747339
0.6503369769285374
0.6442209685377541
0.6380862281167349
0.6319338227861182
0.6257648190535474
0.619580282622211
0.6133812781998533
0.6071688693082876
0.6009441180934484
0.5947080851360205
0.5884618292626828
0.5822064073579981
0.5759428741769891
0.569672282158434
0.5633956812389173
0.5571141186676741
0.5508286388222574
0.5445402830250686
0.538250089360785
0.5319590924947134
0.5256683234921152
0.5193788096385235
0.5130915742610975
0.5068076365510426
0.5005280113871287
0.4942537091603428
0.4879857355997073
0.4817250915992957
0.4754727730464806
0.46922977065144295
0.46299706977797717
0.45677565027562145
0.4505664863131459
0.4443705462134286
0.43818879228975033
0.43202218068353904
0.425871661203592
0.41973817716680734
0.41362266524045416
0.4075260552860081
0.4014492702045834
0.3953932257839882
0.3893588305474313
0.38334698560390984
0.3773585845003003
0.37139451307518584
0.3654556493144409
0.3595428632086032
0.353657016612056
0.3477989631040483
0.3419695478515747
0.3361696074741435
0.3303999699104535
0.3246614542870049
0.31895487078866847
0.31328102053123236
0.3076406954359536
0.3020346781061326
0.2964637417057346
0.2909286498400768
0.2854301564386051
0.27996900563977706
0.2745459316780742
0.2691616587731602
0.26381690102120664
0.2585123622884018
0.253248736106663
0.24802670557156842
0.24284694324252673
0.23771011104519946
0.23261686017619376
0.22756783101004058
0.22256365300847358
0.21760494463202207
0.21269231325393523
0.20782635507644873
0.2030076550494067
0.19823678679125453
0.1935143125124113
0.18884078294103665
0.1842167372512011
0.17964270299347174
0.1751191960279225
0.17064672045958043
0.16622576857631546
0.16185682078918318
0.15754034557522897
0.15327679942276057
0.14906662677909704
0.14491026000080046
0.14080811930639606
0.13676061273158735
0.13276813608697055
0.12883107291825377
0.12494979446898423
0.12112465964578772
0.1173560149861233
0.11364419462855511
0.1099895202855446
0.10639230121876378
0.1028528342169309
0.09937140357616865
0.09594828108288547
0.09258372599917919
0.08927798505076182
0.08603129241740398
0.08284386972589756
0.07971592604553272
0.07664765788608746
0.07363924919832547
0.07069087137699864
0.0678026832663487
0.06497483116810428
0.062207448851966454
0.05950065756857769
0.05685456606496669
0.05426927060246259
0.05174485497707164
0.0492813905423058
0.04687893623445773
0.04453753860031075
0.042257231827275754
0.04003803777594385
0.03787996601504531
0.035783013858802205
0.033747166406665606
0.031772396585422705
0.029858665193664025
0.028005920948595525
0.026214100535183298
0.024483128657617807
0.022812918093081665
0.021203369747807566
0.019654372715410512
0.01816580433747857
0.01673753026640713
0.015369404530458385
0.014061269601030935
0.012812956462120738
0.011624284681955654
0.010495062486786754
0.009425086836815953
0.00841414350424183
0.007462007153403586
0.006568441423004302
0.005733199010391504
0.004956021757876174
0.004236640741067368
0.003574776359202224
0.002970138427449095
0.0024224262711610932
0.0019313288220577406
0.0014965247163126823
0.001117682394521878
0.000794460203530806
0.0005265065000950733
0.00031345975635118886
0.00015494866707184665
5.059225868024001e-05
0.0
2.7719147122227693e-06
5.849869549627762e-05
0.00016676181982501107
0.00032713366739124444
0.0005391776391343422
0.0008024482778441023
0.001116491390310117
0.0014808441709914704
0.0018950353271785507
0.0023585852056161607
0.0028710059205621138
0.0034318014832511907
0.004040467932734179
0.004696493468064543
0.005399358581801604
0.006148536194800553
0.006943491792259808
0.007783683560994345
0.008668562527905599
0.009597572699615283
0.010570151203234174
0.011585728428233943
0.012643728169389966
0.01374356777076349
0.014884658270693664
0.01606640454776412
0.017288205467714944
0.018549454031265435
0.019849537522818095
0.021187837660008018
0.02256373074406761
0.02397658781097339
0.0254257747833404
0.02691065262303325
0.028430577484459717
0.029984900868513763
0.03157296977713444
0.03319412686844805
0.03484771061245965
0.036533055447259696
0.03824949193571346
0.039996346922599776
0.04177294369216251
0.043578602126045765
0.04541263886157447
0.04727436745034975
0.04916309851712385
0.05107813991892041
0.053018796904367345
0.05498437227320863
0.056974166535958784
0.05898747807367095
0.061023603297778006
0.06308183680998035
0.06516147156214103
0.06726179901615764
0.0693821093037751
0.07152169138630911
0.0736798332142421
0.07585582188666301
0.07804894381051382
0.08025848485961229
0.08248373053341568
0.08472396611549378
0.08697847683167746
0.08924654800785047
0.09152746522735122
0.09382051448795269
0.09612498235838696
0.09844015613438296
0.10076532399418486
0.10309977515351876
0.10544280001997729
0.10779369034678767
0.11015173938593463
0.11251624204060498
0.11488649501692352
0.11726179697494908
0.11964144867889921
0.1220247531465749
0.12441101579795241
0.12679954460291448
0.12918965022808931
0.1315806461827681
0.13397184896387268
0.13636257819994227
0.13875215679411187
0.141139911066053
0.1435251708928487
0.14590726984877309
0.14828554534395078
0.15065933876186471
0.1530279955956881
0.15539086558341178
0.1577473028417404
0.160096665998732
0.16243831832515346
0.16477162786452623
0.16709596756183837
0.16941071539089483
0.17171525448028446
0.1740089732379353
0.17629126547423785
0.17856153052370968
0.1808191733651792
0.18306360474046376
0.18529424127152194
0.18751050557605511
0.1897118263815367
0.19189763863764864
0.1940673836271012
0.1962205090748187
0.19835646925546518
0.20047472509929676
0.2025747442963136
0.20465600139869752
0.20671797792151264
0.20876016244165255
0.21078205069501466
0.2127831456718831
0.21476295771050538
0.21672100458884197
0.21865681161447573
0.22056991171266144
0.2224598455125039
0.2243261614312437
0.2261684157566422
0.2279861727274439
0.2297790046119089
0.23154649178439687
0.23328822279999206
0.2350037944671546
0.23669281191838754
0.23835488867890628
0.23998964673329917
0.2415967165901694
0.24317573734474535
0.24472635673945153
0.24624823122242903
0.24774102600399617
0.24920441511104222
0.25063808143934263
0.2520417168037921
0.2534150219865438
0.2547577067830519
0.25606949004600565
0.2573500997271564
0.25859927291702345
0.259816755882481
0.2610023041022161
0.2621556823000574
0.2632766644761688
0.2643650339361037
0.2654205833177211
0.26644311461595654
0.26743243920544946
0.26838837786102265
0.2693107607760163
0.27019942757847326
0.2710542273451759
0.27187501861353697
0.2726616693913428
0.27341405716435246
0.27413206890175246
0.27481560105947195
0.2754645595813577
0.2760788598982164
0.2766584269247236
0.2772031950542062
0.2777131081513022
0.2781881195425027
0.2786281920045815
0.2790332977509193
0.27940341841572564
0.2797385450361712
0.2800386780324302
0.28030382718564856
0.2805340116138385
0.28072925974571394
0.28088960929247264
0.28101510721753487
0.2811058097042495
0.2811617821215766
0.2811830989877586
0.2811698439319892
0.28112210965409395
0.2810399978822319
0.28092361932863413
0.28077309364338754
0.2805885493662805
0.28037012387672333
0.28011796334175615
0.2798322226621603
0.27951306541668747
0.27916066380441973
0.27877519858528055
0.2783568590187078
0.2779058428005084
0.27742235599791004
0.27690661298282687
0.2763588363633569
0.2757792569135291
0.27516811350131765
0.2745256530149438
0.2738521302874795
0.2731478080197789
0.27241295670175103
0.27164785453199647
0.27085278733582785
0.27002804848169504
0.26917393879603474
0.2682907664765656
0.267378847004053
0.26643850305256084
0.2654700643982166
0.26447386782650867
0.263450257038142
0.26239958255347084
0.2613222016155365
0.26021847809172866
0.25908878237409905
0.25793349127834636
0.25675298794150253
0.2555476617183372
0.25431790807651516
0.2530641284905208
0.25178673033438387
0.25048612677322674
0.24916273665366237
0.24781698439306366
0.2464492998677372
0.2450601183000232
0.2436498801443482
0.24221903097225927
0.2407680213564662
0.23929730675391672
0.23780734738793527
0.23629860812945022
0.2347715583773382
0.23322667193791274
0.23166442690358685
0.2300853055307344
0.22848979411678286
0.22687838287656079
0.22525156581793365
0.22360984061675138
0.22195370849114068
0.22028367407517
0.2186002452919125
0.21690393322594193
0.21519525199528589
0.213474718622866
0.21174285290745876
0.21000017729420017
0.20824721674466729
0.20648449860656684
0.20471255248305498
0.20293191010172762
0.20114310518329848
0.1993466733100061
0.19754315179377066
0.19573307954413674
0.19391699693602585
0.1920954456773351
0.1902689686764031
0.18843810990938306
0.18660341428754237
0.18476542752452674
0.18292469600361258
0.18108176664498135
0.17923718677304237
0.17739150398383458
0.1755452660125389
0.17369902060112585
0.17185331536617268
0.17000869766687526
0.16816571447328768
0.1663249122348139
0.16448683674898484
0.16265203303054904
0.16082104518090173
0.15899441625788563
0.15717268814599175
0.15535640142698373
0.15354609525098106
0.15174230720802295
0.14994557320014568
0.14815642731399797
0.1463754016940253
0.14460302641624645
0.14283982936265444
0.141086336096265
0.13934306973684413
0.13761055083733492
0.13588929726101995
0.1341798240594344
0.13248264335106666
0.13079826420086552
0.12912719250058322
0.1274699308499788
0.12582697843890836
0.12419883093032541
0.12258598034421854
0.1209889149425102
0.1194081191149412
0.11784407326596537
0.11629725370267803
0.11476813252380257
0.11325717750975872
0.11176485201383643
0.1102916148544946
0.10883792020881436
0.10740421750712208
0.10599095132880938
0.10459856129937019
0.1032274819886749
0.10187814281050663
0.1005509679233767
0.09924637613264284
0.09796478079394981
0.0967065897180106
0.09547220507675057
0.09426202331083437
0.0930764350385892
0.09191582496635335
0.0907805718002553
0.0896710481594559
0.08858762049085868
0.0875306489853135
0.08650048749532853
0.0854974834543061
0.0845219777973206
0.08357430488345308
0.08265479241969939
0.08176376138646584
0.08090152596466857
0.08006839346445048
0.07926466425553048
0.07849063169919751
0.07774658208196467
0.07703279455089633
0.07634954105061774
0.07569708626202483
0.07507568754270098
0.07448559486905608
0.07392705078019642
0.0734002903235376
0.07290554100217005
0.07244302272398896
0.07201294775259384
0.07161552065997254
0.07125093828097438
0.07091938966958128
0.07062105605698811
0.07035611081149351
0.07012471940021589
0.06992703935263489
0.0697632202259687
0.06963340357239026
0.06953772290809195
0.06947630368419713
0.06944926325953202
0.06945671087525279
0.0694987476313403
0.0695754664649593
0.06968695213068876
0.06983328118262595
0.07001452195836297
0.07023073456484213
0.07048197086608994
0.070768274472827
0.0710896807339618
0.07144621672995968
0.07183790126809525
0.07226474487958133
0.07272674981857555
0.07322391006306328
0.07375621131761684
0.07432363101802113
0.07492613833777495
0.07556369419645317
0.0762362512699332
0.07694375400248037
0.07768613862068521
0.07846333314925252
0.07927525742863188
0.0801218231344887
0.08100293379900596
0.08191848483401303
0.08286836355593354
0.08385244921254505
0.0848706130115436
0.08592271815090448
0.08700861985103175
0.08812816538868655
0.08928119413268693
0.09046753758136719
0.09168701940178929
0.09293945547069561
0.09422465391719038
0.09554241516714182
0.096892531989291
0.09827478954305818
0.09968896542803253
0.10113482973513373
0.1026121450994324
0.10412066675461669
0.10566014258909096
0.10723031320369315
0.10883091197101577
0.11046166509631838
0.11212229168001338
0.11381250378171213
0.11553200648581632
0.11728049796863593
0.1190576695670221
0.12086320584849353
0.12269678468284344
0.12455807731520775
0.1264467484405792
0.1283624562797466
0.13030485265664468
0.1322735830770939
0.13426828680891212
0.13628859696338122
0.1383341405780454
0.14040453870082695
0.1424994064754347
0.14461835322804908
0.1467609825552632
0.1489268924132547
0.151115675208177
0.1533269178877377
0.15556020203395346
0.15781510395705153
0.16009119479050318
0.1623880405871611
0.16470520241648318
0.16704223646281702
0.16939869412472675
0.17177412211533472
0.17416806256365777
0.17658005311691444
0.17900962704378084
0.18145631333856924
0.18391963682630738
0.18639911826869573
0.18889427447091503
0.19140461838926348
0.19392965923959768
0.19646890260655317
0.19902185055351923
0.20158800173334349
0.2041668514997426
0.20675789201939102
0.20936061238466683
0.21197449872702476
0.21459903433097466
0.2172336997486369
0.2198779729148534
0.22253132926282057
0.2251932418402299
0.22786318142587775
0.23054061664672865
0.23322501409540014
0.23591583844804373
0.23861255258259825
0.24131461769738727
0.2440214934300343
0.2467326379766696
0.2494475082114048
0.25216555980604244
0.25488624735000226
0.25760902447042966
0.26033334395246843
0.263058657859661
0.2657844176544599
0.2685100743188169
0.27123507847482564
0.27395888050539274
0.27668093067490696
0.2794006792498853
0.2821175766195651
0.28483107341641684
0.2875406206365532
0.290245669760006
0.29294567287084544
0.2956400827771165
0.29832835313056244
0.3010099385461172
0.3036842947211298
0.3063508785543063
0.30900914826433407
0.31165856350816906
0.3142985854989561
0.3169286771235598
0.31954830305967935
0.32215692989252154
0.324754026231006
0.3273390628234825
0.3299115126729276
0.332470851151602
0.3350165561151422
0.337548108016061
0.3400649900166326
0.3425666881011398
0.34505269118745713
0.34752249123794804
0.3499755833696501
0.35241146596372763
0.354829640774164
0.35722961303567713
0.35961089157082704
0.361972988896302
0.3643154213283483
0.3666377090873377
0.36893937640143276
0.3712199516093424
0.37347896726213836
0.3757159602241113
0.3779304717726498
0.3801220476971165
0.38229023839670095
0.38443459897723575
0.38655468934694126
0.3886500743110949
0.3907203236655943
0.39276501228939925
0.39478372023583136
0.3967760328227137
0.39874154072133033
0.4006798400441906
0.40259053243157383
0.4044732251368424
0.40632753111050324
0.4081530690829974
0.4099494636462093
0.4117163453336666
0.4134533506994257
0.4151601223956199
0.4168363092486559
0.4184815663340439
0.4200955550498456
0.42167794318872476
0.42322840500858677
0.42474662130179125
0.4262322794629255
0.42768507355512325
0.42910470437491804
0.4304908795156146
0.4318433134291694
0.43316172748656523
0.4344458500366695
0.4356954164635618
0.43691016924232523
0.4380898579932841
0.4392342395346798
0.4403430779337776
0.4414161445563878
0.44245321811480076
0.4434540847141148
0.44441853789696173
0.4453463786866084
0.44623741562843783
0.44709146482979073
0.44790834999817053
0.4486879024777973
0.4494299612845086
0.45013437313899746
0.45080099249838296
0.4514296815861099
0.4520203104201681
0.45257275683962894
0.45308690652949546
0.45356265304386073
0.453999897827369
0.45439855023498027
0.4547585275500307
0.4550797550005921
0.4553621657741197
0.45560570103039494
0.45581030991275717
0.45597594955762377
0.4561025851022959
0.45619018969105646
0.4562387444795504
0.4562482386374558
0.4562186693494417
0.4561500418144157
0.4560423692430625
0.4558956728536752
0.4557099818662798
0.4554853334950595
0.4552217729390764
0.45491935337129835
0.4545781359259331
0.45419818968407044
0.4537795916576441
0.4533224267717086
0.4528267878450464
0.45229277556910147
0.45172049848524987
0.45111007296041394
0.4504616231610256
0.4497752810253413
0.44905118623412577
0.44828948617970027
0.4474903359333741
0.44665389821125706
0.4457803433384722
0.44486984921176864
0.4439226012605489
0.44293879240631717
0.44191862302056395
0.4408623008810863
0.43977004112676976
0.43864206621082685
0.4374786058525148
0.436279896987339
0.43504618371575415
0.4337777172503773
0.4324747558617228
0.4311375648224723
0.42976641635029666
0.4283615895492357
0.4269233703496576
0.42545205144680337
0.423947932237941
