0.3037026848064953
0.31526544552451824
0.3123114688572241
0.2949987734192849
0.32728424004164264
0.3085112275896683
0.3079227556897488
0.3276667978168445
0.319792328279444
0.304781509438149
0.3192180683204349
0.3280368434494111
0.31737099071695984
0.3154384638600846
0.3158275238990855
0.31134473951794295
0.3141052498927655
0.3062041169848532
0.3085061693895513
0.31081327501239725
0.3115050656163236
0.31092770785309065
0.30236429064402043
0.31275530125029033
0.28544600946235565
0.3260078505740953
0.3083739009185621
0.3138518080712358
0.31730630765923595
0.29973096689279854
0.3284790982966199
0.31909729460760644
0.31362500748571454
0.3290082343394547
0.3113038579684783
0.32019500068699663
0.3233142447754742
0.32830676745973036
0.33003025060471075
0.322298683621763
0.3230012323990814
0.309082892343807
0.3045686639921292
0.3195058628704159
0.3295782034674643
0.3455186775953443
0.3221740806511117
0.33408606822591613
0.3384980101600499
0.34258968676161455
0.33248170108089625
0.3516137906249417
0.34476774841160396
0.3488289114061874
0.339577870399299
0.33875318528252163
0.340575295640849
0.35179146835064634
0.3482423845025633
0.3745433882099823
0.35797220171491945
0.36141925002864167
0.3602957571651797
0.35879754192833985
0.3657005586637188
0.37410675777371
0.3671864013706739
0.36176491204176575
0.3751621092870521
0.3854361918007483
0.3898245099807766
0.3917127330842941
0.41508062725509465
0.39121401101861786
0.4144141085762531
0.40070018023791804
0.4152860659822662
0.40667211743356496
0.4227295947370383
0.43296114151110576
0.43629434283243385
0.4317640077876098
0.44430812254682117
0.43870705812628147
0.4551479992535334
0.4465425756893103
0.4402337490672514
0.46581093334553236
0.463307742098852
0.4784545682181087
0.4657508048530106
0.4822638120436144
0.4587311621013213
0.4972343661690199
0.4738829642002283
0.49224418394965297
0.5034207849882034
0.5097532185354757
0.5226121511302186
0.5323788435051556
0.5023363600797136
0.5354762411391241
0.51770595191045
0.5398750053910202
0.5513073958539366
0.5294056467670106
0.5522365397627736
0.5442779759706333
0.5759180631280069
0.5646725854314547
0.5459693484297976
0.5666863340581814
0.6026697329934643
0.5906007016413988
0.596555326406438
0.6079403022391933
0.6027653479307702
0.5964797748982387
0.6310018046761461
0.6094106210229581
0.6395245593522089
0.6265421182758373
0.6307114744190381
0.6476888222637085
0.6262791762358039
0.6497325765593728
0.6474799801163275
0.6652714016622039
0.6457361542135137
0.646008140085545
0.6668735880128817
0.6806641402691058
0.6794370517774447
0.684863828579986
0.7015840662471939
0.6924713878557833
0.7013896624429801
0.6981883994347851
0.7237761828061345
0.7194013372843447
0.7046038151424153
0.7178986186196842
0.731552454075081
0.7528757213077012
0.7540813905531782
0.7409150265645763
0.7440832148179105
0.7533088305256328
0.7704830335810804
0.7644282728407908
0.7660508590510677
0.7665571034184808
0.7725363261183569
0.775682844065909
0.7914148880598001
0.7907310210583361
0.795366616137686
0.799379551985571
0.8002497580020156
0.8006761242875635
0.789506710817768
0.8204185868851347
0.8128081237505271
0.8349660820970829
0.8263063413987641
0.8163220285574194
0.8321460672984548
0.8372612978360989
0.8516055722530987
0.8486748242061043
0.8484159230433401
0.8391947650546082
0.8667739268273433
0.8748218291614763
0.8764850147496039
0.854475120394466
0.8646421707664529
0.8821716987429901
0.8865822749704514
0.88745537990123
0.8939450318254275
0.871659916888909
0.8814210656517765
0.896932469360723
0.8916481386778479
0.908584953586579
0.8966853894973078
0.903845616165231
0.9032663486120013
0.8985174826675506
0.9238337617575628
0.9379191422031281
0.9163305042853144
0.8988707670298359
0.9126886468604491
0.9105620437058626
0.9551081464191561
0.9134073342509313
0.9218383770668858
0.9256228846139013
0.9350417331925741
0.9373615203667418
0.9610979412360201
0.9395317708030951
0.9518868346360106
0.9506771695416859
0.9408141713777011
0.9601890995411949
0.9522469838751447
0.9728657715793141
0.9342779773789242
0.9424100865909131
0.9600091758225587
0.9521318409450695
0.9575488083760956
0.9591894187914539
0.9366465209718353
0.9808962090385656
0.9622361501384092
0.9570114205280494
0.9638224622147655
0.9812776104211844
0.9885156232398059
0.9726126950287649
0.9589837419365348
0.9651922388555156
0.9782691517145483
0.9601204777389118
0.9693315541432113
0.9625636685933704
0.9696476219403706
0.9623527661076668
0.9800083427642232
0.9569848233330323
0.9524538163348634
0.9870068201717015
0.9756180950160727
1.0
0.9680129562309926
0.986030544726156
0.9531728945313599
0.9762500715265525
0.9865683849581048
0.9870811090500486
0.9644553480703006
0.9456107514656353
0.9610165471689502
0.9670197792767766
0.9720517811104347
0.9412379192981198
0.9702444163153598
0.9446028430514054
0.9585763656359219
0.9537462779337645
0.9455952984220344
0.9413872111734178
0.9468148077810169
0.9526660228909861
0.9476950023004871
0.9416713561482956
0.9384952349126036
0.9500055727270558
0.9347109644566938
0.936281015576434
0.9274945447410208
0.9157859189481928
0.9141969131470906
0.9516777056925794
0.9277052756988237
0.9118089143841484
0.9012851832550748
0.906676741383237
0.9228414794188776
0.9180675839519533
0.9068669900588174
0.9109645119372712
0.9108893690722788
0.9043569644728914
0.8970845701656395
0.8967996252824646
0.9030337017546969
0.9067496309960456
0.8851366757343563
0.882329550749223
0.8921677350621486
0.8789488617293962
0.8745896233019089
0.8743552524281029
0.8756810758901661
0.8816118777611716
0.8550078155253357
0.8455109722591453
0.861945989211179
0.8518420826102339
0.8509008918637138
0.8534453923774346
0.8167817519678591
0.8420527929442025
0.842685461831891
0.8216947939674477
0.8141934086153619
0.830813492186768
0.8153437893132851
0.8056348826687859
0.7972506086161392
0.824900181517435
0.803844817890475
0.7949050474118854
0.804841373030268
0.7907137032661276
0.7697961656203288
0.7917546540385774
0.7713738900385151
0.7656260040619645
0.7621768391757365
0.768263941098369
0.7483252842708734
0.7549540997510964
0.768729665719349
0.7425366549575005
0.7504147616911758
0.7297664771618717
0.738206475906083
0.7353383042289937
0.7498261620935293
0.7118193485159717
0.7379201280612206
0.7184431257589512
0.7128905552036731
0.6958643653313817
0.6929160770027359
0.6937069810457068
0.6623619778453239
0.6730539192006526
0.6817874576143802
0.6906597090381112
0.6585691040884009
0.6579573862100373
0.652828210100829
0.6679194462016151
0.6594913880646055
0.6491758463196644
0.641070879543443
0.6374514054462185
0.6542226443378308
0.6283293099212823
0.5959230863435294
0.6250305216502712
0.6132301039903101
0.6046263735327345
0.5897364569519022
0.5933590885240657
0.6057448122581534
0.5740858812441518
0.5828369676922207
0.5845411413282596
0.5725625639779207
0.5531044780127057
0.5674753280349846
0.5668732201320976
0.5508697510766505
0.5490011811854868
0.5411116349910975
0.5363371421641986
0.5159347792573639
0.5222636751217301
0.5184092950465761
0.5170128240779783
0.5251077027355219
0.5210862601559104
0.4984869222838608
0.5050600969614272
0.4915181522013975
0.5062426955285088
0.47979281353680125
0.48700685762041895
0.5087074593975839
0.47359830831552613
0.46964602851865883
0.46113669078177777
0.4656521801073853
0.4383752286742085
0.44686225370006316
0.43301879009883953
0.42984539489482104
0.4349629040818746
0.42474591118893534
0.41648086370329807
0.42950798776929283
0.4120472274086582
0.4179335970651785
0.37045461841300126
0.39790960171142586
0.4185956666005256
0.37869877065679297
0.39010845891658674
0.36989439024959986
0.3748653941994733
0.38994966316356794
0.36403315917858753
0.3484655469660073
0.3543866789603081
0.33402564791436123
0.3305509986416874
0.34479286253135244
0.31973877097494147
0.33308416016437775
0.33489798778106505
0.3233282672574418
0.2958912836775079
0.3200367001317505
0.27147522681350067
0.29069281972615996
0.2897429973329214
0.3100878235533427
0.2807636287811091
0.2830334465711838
0.2882273462504918
0.2815810784697315
0.2619911787871156
0.26155440961088183
0.2615656426937526
0.23568372751189248
0.22889168185925315
0.2283639771947478
0.26381127390820985
0.2271893170735697
0.2412699635831294
0.24843672860999022
0.20431550798457135
0.20927787388451852
0.2108449857355492
0.20793753342286608
0.20394267985441178
0.19880354628723593
0.20239753173409972
0.18378846545108185
0.18796024903208508
0.17941926152425014
0.1717317135585552
0.17100564927064066
0.19460254086135662
0.15107657201906433
0.1594173364098398
0.16656999665036085
0.16355721003268364
0.144784911120084
0.144969118879737
0.1330099887646338
0.1349335573026344
0.13817417439323026
0.12156588873243578
0.1244062155575922
0.12696533446337502
0.1346312228388174
0.10927372730725098
0.11263736774878161
0.1131602538413142
0.09196873884172542
0.08938497907374979
0.09660576930393396
0.10047087017633714
0.08035622154290177
0.09082280887279075
0.08626536932057853
0.10266697046570088
0.07661924393406214
0.08403454787091819
0.07611866107127017
0.07069524452394732
0.07001376482312198
0.06359268603074827
0.055861290443367434
0.049410953371588094
0.0608709997477324
0.06601095948187734
0.059051389599340295
0.05150161245897056
0.04890475664515239
0.05183048711674239
0.05054127551499183
0.016568351629568875
0.03438560134229528
0.04822623376835512
0.020126977583289216
0.02606613661414107
0.03388441782608815
0.03298961106215604
0.04495742811059836
0.026683309257996793
0.02336007882776853
0.007534800829511125
0.01199608301838355
0.03540094370284721
0.02128742161470486
0.007227630194140703
0.008008286509835413
0.014507257858605271
0.007967738578360542
0.007909871584088806
0.02346321631186934
0.020291091961384556
0.013730084361456514
0.013001084740848809
0.024187171390448847
0.021088666758444747
0.012364817685573962
0.021807960935473835
0.005297148921397441
0.01861042479941279
0.0
0.02012462154065217
0.0005149728201696418
0.0163554350007644
0.005390378032576803
0.018755818007408172
0.011498317479314958
0.011673919505566803
0.005981744703271431
0.009312094921815355
0.018553330500239367
0.018454361736779577
0.026606802422879293
0.013009315350503222
0.02222410717817476
0.03052267791522609
0.00933598460863894
0.039578194181637494
0.0352665228376112
0.032091857128330854
0.03211981884553006
0.035698498889106256
0.018129626127987526
0.05173462428543502
0.048289545648813166
0.04018856125165241
0.035020442971703605
0.055172445477395755
0.053628511329184204
0.05717288994995788
0.059960943008279546
0.029467982230131463
0.05072125339928313
0.07754007285779158
0.04102979258404428
0.0517861307227396
0.06659750208000055
0.058845840795307934
0.06961858245419036
0.07704698003834913
0.0683282896812498
0.09125607762432036
0.08820693128454245
0.09888672594551909
0.10884680564953726
0.09596207538039772
0.08919453228763652
0.09056991795127492
0.11017013894900604
0.10665304919075118
0.11727448476273376
0.11707596459664454
0.11736684764288219
0.12657072413006476
0.14007030888801245
0.12444832881920576
0.11380412174097657
0.15225832414424087
0.14555077724772814
0.13160376107656271
0.1579020783026298
0.13185712263541843
0.1550545935518522
0.17544487447324922
0.1867508838187958
0.1504234167399833
0.17655713340617352
0.1788389531750664
0.17183978431572383
0.18977814910152205
0.20064830056119703
0.2026792386892447
0.19532430609003912
0.21607956565929898
0.20950927685865994
0.2188945738936176
0.22701701161719093
0.24201561299718805
0.24243123425011445
0.2489216821827171
0.24070179900930985
0.22751242774844943
0.2524602667198826
0.2604404786835995
0.28936024224301277
0.27713051354670687
0.2915374463389676
0.2872671725428831
0.2951433751862131
0.29707604976308793
0.32267438015541144
0.32006619819054083
0.301196795325569
0.32339201696482567
0.3218033050294733
0.33446767976215963
0.339015106521338
0.3514483708335465
0.35695532153278026
0.3597984447454114
0.3585119417926102
0.37263088408384715
0.37153064966444266
0.3754196804558759
0.3772128374779211
0.39065951373181346
0.39002254439926887
0.392417589311604
0.3913865911278591
0.41163243889141693
0.39266010685847297
0.4322295279172196
0.4215259896119156
0.4266627790576819
0.4332247017835627
0.4469134575956382
0.46152352051436923
0.4443605178609301
0.45998409253747763
0.47133090795042526
0.46440570262251785
0.48046702709771494
0.4704921218576102
0.4817952726016706
0.49264775444388664
0.47113914774306487
0.48391497426428126
0.519733110852577
0.5295670651449266
0.5328958871611897
0.5280909331337349
0.5400688844981291
0.5239916146457793
0.5364625413123737
0.5499318314128698
0.5367632914636146
0.557790846787024
0.5441578362951929
0.571537551075764
0.5748226927222365
0.559722166654746
0.5993719313296525
0.5966852664608427
0.578703203128439
0.57809850325569
0.588709271392406
0.6191278187868209
0.6112536191675985
0.6138730424942938
0.612377036877756
0.60714984825719
0.6254487942437625
0.610749531151833
0.6163460997222501
0.625327285578892
0.6306672029959491
0.6389978495468739
0.633898067232944
0.6384547728402151
0.6524634720021695
0.6363331004561522
0.651650725911071
0.6612513311905912
0.655645138225143
0.6529648101507767
0.6545237274570985
0.6665713773982509
0.6735478925275274
0.6716345218265678
0.6866966840498662
0.6981892568360133
0.7143691733607084
0.6865654884923018
0.7041854995139218
0.7016752848307256
0.6931748001860856
0.7134005536896777
0.6977455317544936
0.7223663911481074
0.7069308506453135
0.6915106316741442
0.7093764343200931
0.7273558322394631
0.7327712301206852
0.7292461783314172
0.7023480275417955
0.7349377024526377
0.730698161182903
0.7311263328180589
0.7381305609920032
0.7383417738354674
0.7275015045116203
0.7429387555224182
0.7270537795063294
0.7366290673437114
0.7284892117677958
0.717868007986089
0.7526854204046619
0.7371406616949815
0.7287409559358856
0.7494132859753516
0.7434809737942643
0.731311829334009
0.7522338651513893
0.7485863060530608
0.7285003106278859
0.7545117797055816
0.7474762782543959
0.7448477204822129
0.7472938437186281
0.7522605195967296
0.7491678387662107
0.7403094993645498
0.7531798279228646
0.7605845511340331
0.7242124119822132
0.7437972548949318
0.7358740702697195
0.7345068198175011
0.7681091246371407
0.7485588504354868
0.7558085071102377
0.7712188195862889
0.7411897288106999
0.76605668451841
0.7695673460461407
0.7533441024365769
0.7558667828764005
0.7473935634691099
0.7529927052526371
0.7426642007681823
0.7384065694887499
0.7556747112868156
0.7541545560064769
0.7398937735235838
0.7343411506544126
0.7642994069676045
0.7547038101868458
0.7323971805645783
0.7508197693010853
0.7455581956871855
0.7467380852210861
0.7378837943142326
0.7262537452378908
0.7590306158661373
0.7225364248516625
0.7527086222802003
0.7057165599233294
0.7342661791837484
0.7085777274854425
0.728294724391484
0.7041060003098527
0.7270009063870337
0.737428317959908
0.7163995227079971
0.7046581067377843
0.7157343525863238
0.7094998779952573
0.7166035031678597
0.7121054169994331
0.7046748028799471
0.7221288827098711
0.7096704122579967
0.7109469211399428
0.7008323408882218
0.6882826376822334
0.6899000191442295
0.6981305172874283
0.6983168620155474
0.6883317402171318
0.6872166013666217
0.6728393095425172
0.6725471368274795
0.686714600382047
0.6768790253292148
0.6612706070386991
0.6679007092046411
0.6435719636367042
0.6657166408700865
0.6491289282982284
0.644214382305997
0.6559899174595443
0.6534424833584931
0.6546742195882292
0.6362334438099752
0.6339456225067068
0.649188909203287
0.6611050920921808
0.6242976789323533
0.6204826223577226
0.6261898037242496
0.623309026952899
0.6355357449943969
0.620489123291363
0.6175463068294063
0.6075051973981875
0.5998435412625309
0.5871120977905042
0.612015096733967
0.6029064871947982
0.5963037300363576
0.5872176041500473
0.5791021421475566
0.5914399150106503
0.5899449644596381
0.5777586289733649
0.5849187012620705
0.5768298657494751
0.5825456992761658
0.5557823197434654
0.5555102101071363
0.5573366069355079
0.5544091129486516
0.5460200161506942
0.5622658677953027
0.5445992851975117
0.5478375176801982
0.533066632508521
0.5287035579485476
0.5162542610810426
0.5268740735520877
0.5393270955134675
0.5359917119754748
0.5151747949142301
0.5194152321184582
0.5216610613311148
0.4978320081631194
0.4796073792661559
0.4971528082394422
0.4869145327764835
0.48709951811565705
0.48990914207544745
0.4881369866318181
0.47995321861412277
0.4844320138522946
0.47883273836798473
0.4838895788219447
0.47422493250143527
0.4790469199325246
0.4800858546369447
0.47549826767666115
0.4556060374286717
0.43697877197663143
0.4428814199424735
0.4693437432512892
0.44445524430331423
0.4482556766619893
0.43215668574069716
0.4586967820196725
0.4384170355834848
0.42746208875330155
0.4074909059713838
0.4278258899267758
0.4209773428400335
0.4188927985016021
0.39729265756335486
0.4204127398780102
0.4299281850727371
0.40966129288187875
0.39450445807200146
0.40446572947481696
0.4158564052734023
0.4184556722256553
0.3849513029808568
0.3828199398247474
0.39207181249981493
0.3932927549405298
0.3738854910005009
0.39863167984336295
0.37667181553506257
0.37980019202643456
0.37639869775192475
0.37335016153593037
0.3727306282926133
0.36148407354334516
0.3575547213438408
0.36421600896054274
0.3580841595956115
0.36806465721513726
0.3621449223851773
0.3615802614976619
0.35800878041127865
0.369528579509713
0.3646721540009691
0.35734776422698716
0.3634148277812913
0.3695627108841704
0.3338512098272493
0.34657327557277084
0.36175645470681767
0.3465010056115981
0.36176765919784826
0.343332964054576
0.35284745495163855
0.3544894082628784
0.3378270019596119
0.3472121933276233
0.32838913687045634
0.3339256439156723
0.34472437490688296
0.33750362973243214
0.3195699810881599
0.3507068164288188
0.33427455434568903
0.34230569345743933
0.3535952861649728
0.3573172516676008
0.3458331980249134
0.34816961574200833
0.33678901138140854
0.34502446398839165
0.3499665095622122
0.3427142993591228
0.3401297681280665
0.338479803950252
0.34149321406214433
0.35588523495491253
0.3569977610068211
0.3355850181639127
0.3503959602668502
0.34581426914869684
0.36170072741751297
0.3511090822502302
0.3471977954812746
0.33008225281167947
0.3561443055517847
0.3652012568344019
0.35858613047594534
0.3590083447772114
0.36636707507352934
0.3422345406252305
0.35069638958239746
0.3646120345031949
0.3769170793478991
0.3716400238368629
0.36391946527892316
0.3802815157739015
0.3715221709096733
0.3634547781923437
0.3757175503908622
0.3628733755304757
0.3875460297482261
0.39020299907877204
0.3791286994914612
0.399991327490676
0.3878248793346066
0.36653290307972425
0.3753866161362712
0.3962549262471
0.3915945963683028
0.3871941199738753
0.40738724969220835
0.39419020686804107
0.40990854994929066
0.4100148306028106
0.4022307453672248
0.4243047373604412
0.41506180617286936
0.4023194250795586
0.39383307945947627
0.42736455184985483
0.4325379190570218
0.42966834227294703
0.42853681962604045
0.4213084584079632
0.40987968983282225
0.42966515349680684
0.42366416274172963
0.4404758360665174
0.44000634364402336
0.45336851126678485
0.4543357905260919
0.4672628571663625
0.4409341491824693
0.43639684538002677
0.4392816848748195
0.4483814798217412
0.4590208221025348
0.46205128857922684
0.4628535838318324
0.45000240264355995
0.4509867256219605
0.4673550787508153
0.4713056046557881
0.4797627289101563
0.46174016866932105
0.4772606458771719
0.48295980195827337
0.5015637060668323
0.4912682274591925
0.4876954194999153
0.5047695524105971
0.5097806188360771
0.48257439788019746
0.4994494262447966
0.515998731474
0.4982981471826228
0.506229600093773
0.510188070917458
0.5145122642926889
0.5193083636229816
0.5049934122034978
0.5160867014953024
0.5196121486544766
0.510868666690368
0.5488131602953485
0.5210473496211453
0.5361763189736009
0.5165095808336684
0.5392762335797175
0.545122151110416
0.5442403971163505
0.5459905953546402
0.5357982374572804
