Cores,N_train,N_test,N_reg,Opt_iter,Total_time,Init_time,Opt_Time,Pred_Var_time,Pred_time,N_loop
1,20000,5000,100,1,64.86175465583801,0.7846720218658447,36.493773460388184,24.649866104125977,1.88905930519104,0
1,20000,5000,100,1,61.35253953933716,0.0013394355773925781,35.02841830253601,23.700123071670532,1.797593593597412,1
1,20000,5000,100,1,61.16295623779297,0.0012488365173339844,35.21311593055725,23.39683723449707,1.7965068817138672,2
1,20000,5000,100,1,61.73192548751831,0.0011646747589111328,35.4556782245636,23.658725261688232,1.9057209491729736,3
1,20000,5000,100,1,62.05975294113159,0.001247406005859375,35.600221157073975,23.903879642486572,1.8072834014892578,4
1,20000,5000,100,1,61.57894539833069,0.0012614727020263672,35.29815673828125,23.64640212059021,1.9071013927459717,5
1,20000,5000,100,1,61.5391891002655,0.0013828277587890625,34.92968463897705,24.089777946472168,1.7992756366729736,6
1,20000,5000,100,1,62.2758309841156,0.0012469291687011719,35.71653962135315,23.924485445022583,1.9055960178375244,7
1,20000,5000,100,1,62.30254030227661,0.0012333393096923828,35.73000717163086,23.949684381484985,1.9119043350219727,8
1,20000,5000,100,1,62.457294940948486,0.0012364387512207031,35.49730467796326,24.337663888931274,1.912837266921997,9
2,20000,5000,100,1,42.84752631187439,0.0012366771697998047,19.658406496047974,21.48565673828125,0.9894735813140869,0
2,20000,5000,100,1,42.60701942443848,0.0012404918670654297,19.531615734100342,21.47058892250061,0.9088146686553955,1
2,20000,5000,100,1,43.22292971611023,0.0012390613555908203,19.668989658355713,21.77958869934082,1.0024394989013672,2
2,20000,5000,100,1,43.06610321998596,0.0012314319610595703,19.75200581550598,21.617947816848755,0.9922780990600586,3
2,20000,5000,100,1,42.80446982383728,0.0012590885162353516,19.80872631072998,21.289962768554688,0.9896724224090576,4
2,20000,5000,100,1,42.79426646232605,0.001245737075805664,19.943246364593506,21.19030499458313,0.9416539669036865,5
2,20000,5000,100,1,43.042232275009155,0.0014605522155761719,19.819549322128296,21.461203813552856,1.048917293548584,6
2,20000,5000,100,1,43.38253664970398,0.0012865066528320312,20.017345666885376,21.668970346450806,0.9910924434661865,7
2,20000,5000,100,1,43.223384141922,0.0012671947479248047,20.25521445274353,21.271499156951904,0.986314058303833,8
2,20000,5000,100,1,43.076130390167236,0.0012507438659667969,20.063271522521973,21.317920207977295,0.9803235530853271,9
4,20000,5000,100,1,32.55240082740784,0.0012454986572265625,10.791139602661133,20.535414457321167,0.5242598056793213,0
4,20000,5000,100,1,32.90679740905762,0.0012257099151611328,10.670411109924316,21.01629900932312,0.512779951095581,1
4,20000,5000,100,1,32.24090766906738,0.0012483596801757812,10.481732368469238,20.53702139854431,0.5181496143341064,2
4,20000,5000,100,1,32.43846082687378,0.0012385845184326172,10.636267185211182,20.567841291427612,0.5223937034606934,3
4,20000,5000,100,1,32.288198947906494,0.001277923583984375,10.690319776535034,20.37501049041748,0.519014835357666,4
4,20000,5000,100,1,33.50395917892456,0.0012388229370117188,11.650794267654419,20.63029670715332,0.5130171775817871,5
4,20000,5000,100,1,32.38347816467285,0.0012438297271728516,10.59544849395752,20.52730655670166,0.5444579124450684,6
4,20000,5000,100,1,32.54791474342346,0.0013277530670166016,10.561311483383179,20.64558720588684,0.5379414558410645,7
4,20000,5000,100,1,32.126906871795654,0.0012693405151367188,10.696721315383911,20.060866594314575,0.5746462345123291,8
4,20000,5000,100,1,32.394851207733154,0.001251220703125,10.560825824737549,20.55217719078064,0.5361547470092773,9
8,20000,5000,100,1,29.56088423728943,0.0012569427490234375,7.275277137756348,21.106703281402588,0.40154504776000977,0
8,20000,5000,100,1,29.71371293067932,0.001283884048461914,7.543846368789673,20.979151487350464,0.32680487632751465,1
8,20000,5000,100,1,27.9348201751709,0.00128936767578125,6.971163511276245,19.713364124298096,0.4114997386932373,2
8,20000,5000,100,1,28.241831064224243,0.0012514591217041016,7.129444360733032,19.912892818450928,0.3502657413482666,3
8,20000,5000,100,1,27.972493886947632,0.001252889633178711,6.994927167892456,19.765171766281128,0.4181654453277588,4
8,20000,5000,100,1,28.259006023406982,0.0012617111206054688,7.137141942977905,19.88477897644043,0.38675689697265625,5
8,20000,5000,100,1,28.27151393890381,0.0012600421905517578,7.016101121902466,20.049813985824585,0.41945600509643555,6
8,20000,5000,100,1,28.338276147842407,0.0014529228210449219,7.113975524902344,19.955028772354126,0.415905237197876,7
8,20000,5000,100,1,28.69467854499817,0.0012660026550292969,7.033831596374512,20.376104593276978,0.4150516986846924,8
8,20000,5000,100,1,28.63245701789856,0.0012660026550292969,7.336655378341675,20.00694227218628,0.41539478302001953,9
16,20000,5000,100,1,26.71921467781067,0.001279592514038086,5.564584970474243,19.94563102722168,0.34845566749572754,0
16,20000,5000,100,1,26.4111270904541,0.00127410888671875,5.601478338241577,19.581653594970703,0.3542141914367676,1
16,20000,5000,100,1,26.39351224899292,0.0012781620025634766,5.465145111083984,19.70142650604248,0.36391282081604004,2
16,20000,5000,100,1,26.50215458869934,0.0012586116790771484,5.587514162063599,19.69938087463379,0.3458523750305176,3
16,20000,5000,100,1,26.07516121864319,0.0015969276428222656,5.466196775436401,19.398049354553223,0.3488786220550537,4
16,20000,5000,100,1,26.146716356277466,0.0012488365173339844,5.5776801109313965,19.356439113616943,0.34662818908691406,5
16,20000,5000,100,1,25.72530722618103,0.001428365707397461,5.486563444137573,19.038790464401245,0.3484916687011719,6
16,20000,5000,100,1,26.35137915611267,0.0012235641479492188,5.797384738922119,19.34122943878174,0.35378170013427734,7
16,20000,5000,100,1,26.5969398021698,0.0012845993041992188,5.486988306045532,19.90613865852356,0.34781932830810547,8
16,20000,5000,100,1,27.545944690704346,0.001219034194946289,6.9026782512664795,19.52657651901245,0.25512146949768066,9
32,20000,5000,100,1,24.068835973739624,0.0013904571533203125,3.6827468872070312,19.295948028564453,0.25945544242858887,0
32,20000,5000,100,1,25.280025959014893,0.001399993896484375,3.6849255561828613,20.495973587036133,0.25673389434814453,1
32,20000,5000,100,1,24.8307843208313,0.0014476776123046875,3.6000075340270996,20.1154682636261,0.2597975730895996,2
32,20000,5000,100,1,27.20368790626526,0.0013458728790283203,5.7402567863464355,20.347073793411255,0.2623105049133301,3
32,20000,5000,100,1,24.171172857284546,0.0013306140899658203,3.606489896774292,19.391651391983032,0.27695298194885254,4
32,20000,5000,100,1,25.526171445846558,0.0012407302856445312,3.940378189086914,20.454345703125,0.27906322479248047,5
32,20000,5000,100,1,25.708243131637573,0.0013349056243896484,3.9865548610687256,20.571389198303223,0.2769308090209961,6
32,20000,5000,100,1,28.75941252708435,0.0012569427490234375,3.917039155960083,23.746280193328857,0.25595998764038086,7
32,20000,5000,100,1,27.8368558883667,0.0013537406921386719,3.612978935241699,23.051217079162598,0.3129396438598633,8
32,20000,5000,100,1,30.6063072681427,0.002838611602783203,5.608840703964233,23.479350090026855,0.3101811408996582,9
64,20000,5000,100,1,24.654794692993164,0.0014312267303466797,3.364000082015991,20.170248985290527,0.2471177577972412,0
64,20000,5000,100,1,32.045411586761475,0.0016100406646728516,4.4571754932403564,25.829326391220093,0.24462342262268066,1
64,20000,5000,100,1,24.98874521255493,0.0014264583587646484,3.3341269493103027,20.529417037963867,0.24852466583251953,2
64,20000,5000,100,1,24.92133069038391,0.001481771469116211,3.354597330093384,20.38902473449707,0.2416393756866455,3
64,20000,5000,100,1,24.230054140090942,0.0014977455139160156,3.264979600906372,19.793601751327515,0.23626279830932617,4
64,20000,5000,100,1,24.236570358276367,0.0012316703796386719,3.389294385910034,19.460755109786987,0.23898673057556152,5
64,20000,5000,100,1,24.36200261116028,0.00792551040649414,3.299816370010376,19.92768621444702,0.2883028984069824,6
64,20000,5000,100,1,32.03928017616272,0.0016913414001464844,4.717559814453125,25.890114307403564,0.23909330368041992,7
64,20000,5000,100,1,33.21792936325073,0.001560211181640625,3.3346869945526123,28.64563536643982,0.38073182106018066,8
64,20000,5000,100,1,31.95761752128601,0.0016443729400634766,4.732091665267944,25.471702575683594,0.39917635917663574,9
128,20000,5000,100,1,29.363086223602295,0.0025544166564941406,3.089057207107544,21.88740873336792,0.35057783126831055,0
128,20000,5000,100,1,32.18281817436218,0.00141143798828125,4.198727130889893,26.580851316452026,0.26866888999938965,1
128,20000,5000,100,1,26.187023639678955,0.001653909683227539,2.9796812534332275,21.95622992515564,0.31026506423950195,2
128,20000,5000,100,1,31.366299629211426,0.001470327377319336,4.505472660064697,25.607434511184692,0.33106493949890137,3
128,20000,5000,100,1,26.441757440567017,0.001657247543334961,3.001178503036499,22.065222024917603,0.34434056282043457,4
128,20000,5000,100,1,40.413469076156616,0.0014405250549316406,3.566260814666748,35.41598081588745,0.32389259338378906,5
128,20000,5000,100,1,29.883952617645264,0.002023458480834961,3.81866717338562,22.287282466888428,0.3383302688598633,6
128,20000,5000,100,1,38.419665813446045,0.0016598701477050781,3.4265289306640625,32.92916536331177,0.2716538906097412,7
128,20000,5000,100,1,24.54427933692932,0.0017056465148925781,2.9569547176361084,20.422269344329834,0.31241488456726074,8
128,20000,5000,100,1,25.16670250892639,0.001291036605834961,3.278081178665161,20.765979528427124,0.28600239753723145,9
                                                                                                                                                                                81,1          Bot