Cores,N_train,N_test,N_reg,Opt_iter,Total_time,Init_time,Opt_Time,Pred_Var_time,Pred_time,N_loop
64,10000,5000,100,0,6.123677968978882,0.9355466365814209,2.384185791015625e-07,4.6540687084198,0.13628602027893066,0
64,10000,5000,100,0,5.488777160644531,0.0012695789337158203,0.0,4.999593257904053,0.12494087219238281,1
64,10000,5000,100,0,5.454150199890137,0.0013740062713623047,2.384185791015625e-07,4.947080612182617,0.13601326942443848,2
64,10000,5000,100,0,5.0701515674591064,0.0015594959259033203,0.0,4.570895195007324,0.1256103515625,3
64,10000,5000,100,0,5.393731355667114,0.0013761520385742188,2.384185791015625e-07,4.914968252182007,0.12688732147216797,4
64,10000,5000,100,0,9.901014804840088,0.0013360977172851562,0.0,9.347231149673462,0.1992499828338623,5
64,10000,5000,100,0,6.860872268676758,0.0016765594482421875,0.0,6.258238315582275,0.14920997619628906,6
64,10000,5000,100,0,5.162564277648926,0.001569509506225586,0.0,4.6584014892578125,0.12873053550720215,7
64,10000,5000,100,0,5.064216613769531,0.0013327598571777344,2.384185791015625e-07,4.583247900009155,0.13602733612060547,8
64,10000,5000,100,0,5.130263090133667,0.0013954639434814453,2.384185791015625e-07,4.637253284454346,0.13188385963439941,9
64,20000,5000,100,0,21.497714519500732,0.0036847591400146484,2.384185791015625e-07,20.008639574050903,0.26038289070129395,0
64,20000,5000,100,0,21.483139753341675,0.001382589340209961,0.0,20.177525281906128,0.24844813346862793,1
64,20000,5000,100,0,21.375183582305908,0.0013072490692138672,0.0,20.064780950546265,0.24463677406311035,2
64,20000,5000,100,0,19.946159839630127,0.0013399124145507812,0.0,18.769594430923462,0.1956651210784912,3
64,20000,5000,100,0,28.530435800552368,0.0012814998626708984,2.384185791015625e-07,27.620447158813477,0.2814137935638428,4
64,20000,5000,100,0,36.07857918739319,0.0016827583312988281,2.384185791015625e-07,34.62532019615173,0.41474175453186035,5
64,20000,5000,100,0,32.698734998703,0.0014643669128417969,2.384185791015625e-07,31.83701252937317,0.19789624214172363,6
64,20000,5000,100,0,19.424139499664307,0.0017397403717041016,0.0,18.403233289718628,0.21265721321105957,7
64,20000,5000,100,0,25.338730096817017,0.0014154911041259766,0.0,24.405202388763428,0.2534644603729248,8
64,20000,5000,100,0,20.381368398666382,0.0014295578002929688,2.384185791015625e-07,19.21537947654724,0.28451085090637207,9
64,30000,5000,100,0,57.61292266845703,0.001405477523803711,0.0,55.51422429084778,0.3186061382293701,0
64,30000,5000,100,0,50.036659717559814,0.0013277530670166016,0.0,47.88337755203247,0.3422412872314453,1
64,30000,5000,100,0,55.93742108345032,0.0013453960418701172,0.0,53.81318998336792,0.2909231185913086,2
64,30000,5000,100,0,51.146098136901855,0.0014314651489257812,2.384185791015625e-07,49.16888999938965,0.2518291473388672,3
64,30000,5000,100,0,50.26346778869629,0.0013322830200195312,2.384185791015625e-07,48.4740035533905,0.2814760208129883,4
64,30000,5000,100,0,49.296605825424194,0.0013461112976074219,2.384185791015625e-07,47.518677711486816,0.281785249710083,5
64,30000,5000,100,0,51.25287413597107,0.0012564659118652344,0.0,49.40443658828735,0.2805900573730469,6
64,30000,5000,100,0,50.16228652000427,0.0012841224670410156,2.384185791015625e-07,48.39762210845947,0.2836790084838867,7
64,30000,5000,100,0,52.84461331367493,0.0014371871948242188,0.0,51.09492015838623,0.27785611152648926,8
64,30000,5000,100,0,51.778703689575195,0.0012984275817871094,2.384185791015625e-07,49.99749517440796,0.27886533737182617,9
64,40000,5000,100,0,99.0790684223175,0.0014088153839111328,0.0,96.1319739818573,0.3719332218170166,0
64,40000,5000,100,0,119.88127207756042,0.0012984275817871094,0.0,116.76024723052979,0.35195302963256836,1
64,40000,5000,100,0,115.11634969711304,0.0013689994812011719,2.384185791015625e-07,111.67705082893372,0.6740083694458008,2
64,40000,5000,100,0,153.70213413238525,0.001615285873413086,2.384185791015625e-07,149.64549326896667,0.6743996143341064,3
64,40000,5000,100,0,114.9735906124115,0.0019338130950927734,0.0,99.88718056678772,0.4284226894378662,4
64,40000,5000,100,0,148.54465007781982,0.001581430435180664,2.384185791015625e-07,145.30029153823853,0.4979736804962158,5
64,40000,5000,100,0,97.7967529296875,0.0014147758483886719,4.76837158203125e-07,93.59941172599792,0.5993313789367676,6
64,40000,5000,100,0,136.63586831092834,0.0015528202056884766,2.384185791015625e-07,133.3941147327423,0.4925553798675537,7
64,40000,5000,100,0,136.1659333705902,0.0015709400177001953,0.0,132.74115872383118,0.4554111957550049,8
64,40000,5000,100,0,91.17222476005554,0.001684427261352539,2.384185791015625e-07,88.03658246994019,0.5474686622619629,9
64,50000,5000,100,0,181.2933394908905,0.00148773193359375,0.0,175.12799096107483,0.5917224884033203,0
64,50000,5000,100,0,154.34934377670288,0.001539468765258789,0.0,149.07107639312744,0.6947989463806152,1
64,50000,5000,100,0,184.17645931243896,0.0014204978942871094,0.0,176.72986817359924,0.6316096782684326,2
64,50000,5000,100,0,196.60470700263977,0.0022478103637695312,2.384185791015625e-07,191.02655911445618,0.5901339054107666,3
64,50000,5000,100,0,164.3417248725891,0.0012829303741455078,0.0,157.6702356338501,0.6123437881469727,4
64,50000,5000,100,0,165.14722323417664,0.0018815994262695312,0.0,155.1050636768341,0.6048712730407715,5
64,50000,5000,100,0,201.29287576675415,0.0012965202331542969,0.0,196.2294328212738,0.5209259986877441,6
64,50000,5000,100,0,181.05748438835144,0.0013337135314941406,0.0,175.87159323692322,0.6137683391571045,7
64,50000,5000,100,0,161.94923400878906,0.0015633106231689453,0.0,155.3409447669983,0.7561361789703369,8
64,50000,5000,100,0,211.82315826416016,0.002062559127807617,0.0,201.55204010009766,0.5855982303619385,9
64,60000,5000,100,0,277.62241768836975,0.001522064208984375,2.384185791015625e-07,269.9004669189453,1.0078678131103516,0
64,60000,5000,100,0,245.53118133544922,0.0013532638549804688,0.0,236.29444193840027,1.8357694149017334,1
64,60000,5000,100,0,235.7617335319519,0.0017437934875488281,0.0,218.468652009964,0.5296778678894043,2
64,60000,5000,100,0,223.1722002029419,0.0012857913970947266,0.0,216.1052167415619,0.6261861324310303,3
64,60000,5000,100,0,233.27616810798645,0.0014069080352783203,2.384185791015625e-07,226.12785506248474,0.6204051971435547,4
64,60000,5000,100,0,238.74995493888855,0.0013628005981445312,0.0,231.69847106933594,0.6193892955780029,5
64,60000,5000,100,0,247.0777449607849,0.0013616085052490234,0.0,239.7915918827057,0.7569394111633301,6
64,60000,5000,100,0,304.15884017944336,0.001840829849243164,0.0,295.38970708847046,0.7901077270507812,7
64,60000,5000,100,0,243.74441480636597,0.0013082027435302734,0.0,236.34048199653625,0.6213164329528809,8
64,60000,5000,100,0,326.7614641189575,0.0013301372528076172,0.0,319.2716257572174,0.959378719329834,9
64,70000,5000,100,0,361.9693434238434,0.00131988525390625,0.0,351.692321062088,1.0020873546600342,0
64,70000,5000,100,0,406.51903009414673,0.0013844966888427734,0.0,396.2890553474426,0.9780254364013672,1
64,70000,5000,100,0,401.7393455505371,0.0015401840209960938,2.384185791015625e-07,390.1583824157715,0.8708479404449463,2
64,70000,5000,100,0,319.2490351200104,0.0014410018920898438,0.0,308.87506341934204,0.8228566646575928,3
64,70000,5000,100,0,389.9891972541809,0.001588582992553711,0.0,378.84391808509827,0.8217849731445312,4
64,70000,5000,100,0,329.6162021160126,0.0014386177062988281,2.384185791015625e-07,319.0859649181366,0.9789636135101318,5
64,70000,5000,100,0,341.10989332199097,0.0019338130950927734,2.384185791015625e-07,330.50505805015564,0.8327012062072754,6
64,70000,5000,100,0,334.36972308158875,0.0023241043090820312,0.0,322.89745712280273,0.977381706237793,7
64,70000,5000,100,0,388.8030080795288,0.0018558502197265625,2.384185791015625e-07,369.7262268066406,0.8103845119476318,8
64,70000,5000,100,0,468.72312569618225,0.0016894340515136719,0.0,458.4167239665985,0.9221916198730469,9
64,80000,5000,100,0,481.5835647583008,0.902665376663208,2.384185791015625e-07,468.0830125808716,0.7173037528991699,0
64,80000,5000,100,0,472.0543305873871,0.0016598701477050781,0.0,461.07100009918213,0.7136292457580566,1
64,80000,5000,100,0,458.36358189582825,0.0013399124145507812,0.0,447.1053731441498,0.7072715759277344,2
64,80000,5000,100,0,476.6215045452118,0.0015742778778076172,2.384185791015625e-07,465.4332354068756,0.7320449352264404,3
64,80000,5000,100,0,521.6222393512726,0.0015797615051269531,0.0,510.19410729408264,0.7516121864318848,4
64,80000,5000,100,0,498.07898449897766,0.0013723373413085938,2.384185791015625e-07,486.1939928531647,0.7224228382110596,5
64,80000,5000,100,0,507.34550166130066,0.0013418197631835938,0.0,495.7059359550476,0.7219324111938477,6
64,80000,5000,100,0,466.2226207256317,0.0018076896667480469,4.76837158203125e-07,451.9471082687378,0.7204089164733887,7
64,80000,5000,100,0,481.0584840774536,0.0012600421905517578,0.0,468.7255461215973,0.7368772029876709,8
64,80000,5000,100,0,459.53920555114746,0.0013093948364257812,2.384185791015625e-07,447.5822505950928,0.7295987606048584,9
64,90000,5000,100,0,606.5091142654419,0.001360177993774414,2.384185791015625e-07,591.1080763339996,0.7838437557220459,0
64,90000,5000,100,0,572.1817116737366,0.0013301372528076172,0.0,556.7441911697388,0.7832403182983398,1
64,90000,5000,100,0,569.2573034763336,0.00133514404296875,0.0,553.823486328125,0.7517390251159668,2
64,90000,5000,100,0,556.9320442676544,0.001318216323852539,2.384185791015625e-07,541.3822889328003,0.9749312400817871,3
64,90000,5000,100,0,704.6182577610016,0.0016651153564453125,0.0,686.1961433887482,1.9631378650665283,4
64,90000,5000,100,0,665.5413329601288,0.0019388198852539062,0.0,618.9612903594971,0.9187285900115967,5
64,90000,5000,100,0,636.0820617675781,0.0017058849334716797,2.384185791015625e-07,620.0564589500427,0.9798526763916016,6
64,90000,5000,100,0,828.8767068386078,0.0015840530395507812,0.0,812.5125706195831,1.2876811027526855,7
64,90000,5000,100,0,568.7902307510376,0.0015311241149902344,0.0,551.4616851806641,0.8691868782043457,8
64,90000,5000,100,0,629.9474461078644,0.002016305923461914,2.384185791015625e-07,607.65620470047,0.8078317642211914,9
64,100000,5000,100,0,799.8601522445679,0.0012989044189453125,0.0,780.4252285957336,1.1069707870483398,0
64,100000,5000,100,0,690.5722155570984,0.0012907981872558594,0.0,670.0742056369781,1.1269497871398926,1
64,100000,5000,100,0,722.1109416484833,0.001523733139038086,0.0,701.5486419200897,1.3757696151733398,2
64,100000,5000,100,0,950.158126115799,0.0017590522766113281,0.0,927.9272110462189,1.1949162483215332,3
64,100000,5000,100,0,746.9503855705261,0.0013184547424316406,0.0,726.3769776821136,1.181119680404663,4
64,100000,5000,100,0,785.2218794822693,0.0013849735260009766,2.384185791015625e-07,765.0092189311981,1.1268141269683838,5
64,100000,5000,100,0,881.2463040351868,0.0013301372528076172,0.0,860.739931344986,1.2210338115692139,6
64,100000,5000,100,0,765.507194519043,0.0019152164459228516,0.0,746.3891174793243,0.8915929794311523,7
64,100000,5000,100,0,957.430860042572,0.001291513442993164,4.76837158203125e-07,938.2456119060516,1.3496170043945312,8
64,100000,5000,100,0,793.2115004062653,0.0015816688537597656,0.0,769.5242681503296,2.790595531463623,9
